"","X","X.1","X.2","par1","par2","par3"
"1","cv",1,192.842541222006,1.85115244669708,4.50460046880384,1.06798737359938
"2","cv",2,44.7689442438131,1.62237486130757,3.00259487599992,0.451428643613475
"3","cv",3,48.3695336219839,1.70754250735535,3.11057970304549,0.395454320825133
"4","cv",4,66.0532727234409,1.68994181660808,3.1119959370149,0.390865570056293
"5","cv",5,88.7847889538598,1.70314228823906,4.33778795499261,1.44937813175342
"6","cv",6,35.4282166779277,1.74276487464602,4.36876030395317,1.51556085323085
"7","cv",7,26.5018962619675,1.75919943490833,4.38153021875033,1.49068842881962
"8","cv",8,158.911174477234,1.56382649216855,2.80309374663166,0.000861591741461989
"9","cv",1,149.365038838699,1.58746669244223,0.437777840052022,-1.53858157218761
"10","cv",2,87.3016448701138,1.69775358343485,0.92099195538458,-0.847028072873859
"11","cv",3,85.4185622550694,1.77266769428383,0.697848863209553,-1.0813983872377
"12","cv",4,82.4414043025086,1.67371277066335,0.412310905323557,-1.1648807147229
"13","cv",5,138.463543533063,2.12193589392992,1.58549521543512,-1.25893562708598
"14","cv",6,118.944530346217,1.67419881061958,0.256750266653714,-1.49318309894728
"15","cv",7,106.896614885165,1.64474323909721,0.402644952178531,-1.36003524324252
"16","cv",8,92.0887731049557,3.20810901092223,1.7347497863277,-1.16316146601027
"17","cv",1,132.95791856453,2.67951605021876,-0.309164109875569,-2.02368374977171
"18","cv",2,89.6613370561067,2.91182896129017,-4.99999976925898,-1.92109817781697
"19","cv",3,115.536722240851,2.77315310151766,-0.223979654963037,-1.957890651436
"20","cv",4,69.8550795588357,2.72738324030413,-4.99999867194357,-1.7857705317087
"21","cv",5,100.217826276984,1.01289625061065,4.99999590295323,2.44791311081373
"22","cv",6,75.1664154974113,1.0129167104772,3.91198593862112,2.16928897813046
"23","cv",7,105.715343227913,2.81535364579667,-0.089327424525512,-1.99966989490978
"24","cv",8,176.580892040497,0.885059966215161,3.91197112736584,1.7805714687714
"25","cv",1,176.733360680069,0.66543630056426,4.64018656503936,-4.49153908693243
"26","cv",2,87.4206095220107,1.02727205919391,4.99729531466616,2.66924453628453
"27","cv",3,88.268452614166,1.04993694071517,4.99556035704228,2.66376521293682
"28","cv",4,222.568487486473,1.45414258753707,1.79446792567297,-0.657713583875872
"29","cv",5,117.810937788014,1.7820933657436,4.99994357829306,2.13142359423152
"30","cv",6,99.5681757128009,1.72622846135602,4.9999948048494,2.29713104943352
"31","cv",7,129.865400409365,1.42931350762711,1.5509053056458,-0.501811836508733
"32","cv",8,72.9963263283943,1.40237499832978,1.60879871298323,-0.138119202364606
"33","cv",1,102.873211553474,1.34684501640093,-4.99999958128061,1.51963610252686
"34","cv",2,107.03689155823,0.856026922149242,-0.597475202306432,0.275362328104939
"35","cv",3,111.327946107703,0.845379764480427,-4.99998910879015,-0.141930326400976
"36","cv",4,111.292287708161,0.9738651329944,-4.99999138903418,0.135764292801554
"37","cv",5,107.410244517743,0.846034455840444,-4.99998498682626,0.00706202800854368
"38","cv",6,107.720512037396,0.842290034238376,-4.99999991583801,-0.0146436271829955
"39","cv",7,100.386059445682,0.782900138877529,-4.9963352214908,1.27767774373854
"40","cv",8,131.259011900081,0.595057659393315,4.99398135732623,3.47454142850166
"41","cv",1,115.022146354017,-2.26003165983895,-4.99999999976824,-1.68970346330843
"42","cv",2,99.6919470924773,1.8179275268175,3.98708042997969,2.45404663070983
"43","cv",3,109.13640576544,-1.29688964874053,-4.99999999810526,-1.62271389981979
"44","cv",4,118.017803337699,-1.12579418623581,-4.99999972667897,-1.72439069958525
"45","cv",5,104.570351597286,-4.02454584334495,-4.99999999972983,-1.61750574324903
"46","cv",6,109.268061196328,-4.69780600795956,-4.9999999986079,-1.61718240952006
"47","cv",7,107.316630557928,1.79547725099936,2.92448736619647,1.0966371174278
"48","cv",8,109.977980593817,-3.15128581385716,-4.99999999999259,-1.6588071595449
"49","cv",1,102.380435539498,3.60380293536271,4.37616332505989,-0.8989076074871
"50","cv",2,220.671708711966,3.37581967827541,2.97503753262683,-2.26137720329066
"51","cv",3,85.0280833314863,3.57083716925249,4.38779699711456,-0.893056677797394
"52","cv",4,96.5551818951623,3.49968825136034,4.48821926866557,-0.890231342926429
"53","cv",5,108.772340876358,3.1526779739705,2.03698949364583,-1.88011092409793
"54","cv",6,129.397385897527,3.58297605675404,4.59336041914926,-1.05432060165647
"55","cv",7,109.265740957857,3.4418081515524,2.75477151417593,-1.80927088891493
"56","cv",8,15.1125024597505,3.29282829954509,2.51213424592376,-1.58903707148575
"57","cv",1,101.723278544864,3.30616163970268,-4.99999975471705,-2.102921577954
"58","cv",2,87.4654220001834,3.61379554633246,4.9999932710159,-2.04622829171567
"59","cv",3,74.6979371062283,3.16731064454695,-4.99999781960422,-1.85604838613048
"60","cv",4,102.01971193126,1.277582093478,0.809845265305084,-0.828695887378956
"61","cv",5,136.662001629273,3.73898114832824,4.99959351325665,-2.29545166518655
"62","cv",6,189.116403200678,3.40870858717698,-0.669167090249106,-3.0199692881627
"63","cv",7,128.732999966191,3.27035249657466,-0.203446610224315,-2.2994091750112
"64","cv",8,95.0731208059451,1.12952191428325,0.881585015726433,-0.712206510388841
"65","cv",1,76.9700382616926,2.08299486369713,1.43478106051583,-0.734572242027119
"66","cv",2,136.333530735261,4.99999992820885,3.86040982494191,-1.37709523885153
"67","cv",3,132.146605185272,2.06795303957232,1.5970163642129,-1.05721526995563
"68","cv",4,97.7912765741798,2.01622122628667,1.79376744810933,-0.566078262484152
"69","cv",5,115.832423617577,3.11527513866496,4.96852039729374,1.2574025452201
"70","cv",6,125.60341699876,3.73417335722351,2.09413300791572,-1.64157626400263
"71","cv",7,133.620030655953,2.10119990058974,1.93034120727804,-0.782060619511391
"72","cv",8,113.446983693557,3.67927477203429,2.57371969476644,-1.39737299146611
"73","cv",1,66.8238483104549,1.49941405680841,3.95637252543917,1.63165482549669
"74","cv",2,109.152027914067,1.37049224626715,3.93219159595902,1.57402828851374
"75","cv",3,46.6157693236762,1.32326852527383,3.92648065025897,1.84718016773475
"76","cv",4,100.585780349006,2.09513482760384,4.33531273490833,1.10127810852237
"77","cv",5,111.036878226198,1.4584268166612,3.96889315259315,1.51059593112923
"78","cv",6,52.5245811827142,1.32199785710703,3.9473085158636,1.84423004562218
"79","cv",7,85.7657829597866,1.13077521477275,3.91480152167686,1.88032015975487
"80","cv",8,113.654213624803,1.50720087547654,3.95830712872957,1.38657337136964
"81","cv",1,67.9093392917337,3.48207685045832,0.807395147941801,-1.89378061116286
"82","cv",2,81.3380169318844,3.51553031038024,0.883189673538457,-1.99751912324098
"83","cv",3,113.958672324146,3.50351200900618,1.17600264076039,-2.17942089829812
"84","cv",4,144.580061526006,3.74101147632953,0.349924871361977,-2.66650781659887
"85","cv",5,140.56842200785,3.50970611031777,0.602554712859926,-2.44410730605338
"86","cv",6,85.9159511593693,3.54702377204225,0.85286843985836,-2.14021706251863
"87","cv",7,86.7598900939737,3.48863454625827,0.962221097372269,-2.00807642229385
"88","cv",8,94.5707177662713,3.62923801603575,0.839494314324233,-2.17525673970373
"89","cv",1,108.285976803471,4.99999993823295,4.62428233544536,-1.212804077186
"90","cv",2,119.173156239485,4.99999996697967,4.37746231056131,-1.60621600015216
"91","cv",3,91.3214106322917,4.99999998783593,3.88595128857713,-1.68035005096506
"92","cv",4,65.0427866766109,4.999975646501,4.25957267557283,-1.31101441598139
"93","cv",5,95.7688410352601,4.99999999458768,3.65252191947478,-1.7342075263131
"94","cv",6,117.766854312116,2.97437176094742,3.16362850479275,-0.951933927060067
"95","cv",7,85.2360275602993,4.99999999044101,3.72477790974661,-1.66204326431805
"96","cv",8,149.352618226212,4.99999996786971,3.90122644772297,-1.97086853391086
"97","cv",1,87.361342478576,-1.07066698824932,-4.99999988509822,-1.28117846054484
"98","cv",2,104.122194874313,4.99999999597353,2.69425228818101,-0.726398077501483
"99","cv",3,104.870522457481,-1.11451635354476,-4.99999964653398,-1.56972887894493
"100","cv",4,118.864864994629,-1.06160948785886,-4.99999992029058,-1.76970359751125
"101","cv",5,112.106838706434,-1.0616093590827,-4.99999995047802,-1.69516631252591
"102","cv",6,106.678469105016,-1.06177997897471,-4.99999994727076,-1.65940159642728
"103","cv",7,110.19111349691,-1.06160928598638,-4.99999999491419,-1.66169887101873
"104","cv",8,110.404795578647,-1.07340126739732,-4.99999976601299,-1.6648512946015
"105","cv",1,127.123201822176,1.26512158931339,0.618779388110073,-0.78789557355607
"106","cv",2,95.1929368863073,1.6681070928285,4.99944391742902,3.27652106850649
"107","cv",3,132.915089228482,4.9999997469954,2.94583975838223,-1.10079045251654
"108","cv",4,101.767230454474,1.66533577601894,4.99991855644611,3.17370087230766
"109","cv",5,202.587205101242,1.45284688909406,0.981908145230302,-0.995473418428692
"110","cv",6,115.045499271973,4.92280003792366,2.8918771932707,-0.822801928598736
"111","cv",7,87.9767360088838,1.29902461403673,0.794480323466048,-0.0478878042158294
"112","cv",8,126.078141644025,1.65632853566652,4.97617096324583,2.93891269440434
"113","cv",1,215.724201652048,4.99999999220208,2.68536308808562,-2.3473705411576
"114","cv",2,125.090705358138,4.99999997796892,-4.99990773192893,-2.2408167077725
"115","cv",3,90.8695406154944,3.35904098879685,0.74254974991318,-1.43517514547208
"116","cv",4,110.341546330768,3.30137480095734,0.396053360878015,-1.71742774668618
"117","cv",5,85.362049797817,3.20873928030755,1.14687857230368,-1.1543538656343
"118","cv",6,103.100339484579,4.99999994051533,-4.99957240886177,-2.02327635944581
"119","cv",7,79.9144936661889,4.99999997781551,-4.99999189491285,-1.81417097769023
"120","cv",8,93.0937128634006,4.9999999980262,-4.99986208949705,-1.94930602241126
"121","cv",1,88.7940619520436,-3.25717712239707,-4.99999988877424,-0.883480950349531
"122","cv",2,107.314790367291,-3.17298771180542,-4.99999999970493,-1.56172185184723
"123","cv",3,113.574622275201,4.99869794979832,4.99912158204631,-0.139407901948571
"124","cv",4,110.839973695341,-4.69443940821108,-4.9999999996808,-1.61673615094391
"125","cv",5,110.433984832379,-2.64368737321334,-4.99999999885691,-1.61398529041439
"126","cv",6,108.972413682583,-3.24307833772774,-4.99999999994505,-1.59782077333856
"127","cv",7,110.946680841634,-2.47722775427275,-4.99999999981147,-1.61663481660849
"128","cv",8,92.5538123364583,-2.92561671151927,-4.99999964864711,-1.31461324849079
"129","cv",1,141.362967113699,1.83130512954879,4.99999986024388,2.8632790902932
"130","cv",2,105.417489257711,4.24918090024739,-4.99999987119781,-1.56760404346125
"131","cv",3,158.753866625719,4.35098549333629,-4.99999996246612,-1.99462272436029
"132","cv",4,112.559595890134,4.25700794711699,-4.9999999526145,-1.65748272035194
"133","cv",5,76.6051994462493,3.91549795517296,-4.99999987077287,-1.1665720652623
"134","cv",6,81.4245457961399,4.27632030516307,-4.99999496116619,-1.2787046899202
"135","cv",7,108.435620786733,4.15933781497687,-4.99999983681123,-1.62280530549038
"136","cv",8,131.542361246224,4.37154883462562,-4.99999960730347,-1.82323593299737
"137","cv",1,94.9165168275209,1.92306099972457,2.25925905626509,0.62918181794063
"138","cv",2,80.1850455656594,1.94278110865965,2.90668957026854,1.4139908874634
"139","cv",3,146.24117202862,1.99789006868944,3.0952320805287,0.873984034393737
"140","cv",4,82.0662084019313,1.93400796954631,2.27120494797919,0.84419716864247
"141","cv",5,109.207354375718,1.93129644059786,3.49217867397189,1.62070722559218
"142","cv",6,123.322095362151,1.86052957093754,3.23557056547523,1.30666300447084
"143","cv",7,131.128438401258,1.88594349547148,2.89283176522601,0.892867398109179
"144","cv",8,78.9659838237607,1.76232898562109,2.2044815271651,1.07476235840937
"145","cv",1,16.8754284510019,4.99999985717601,-4.99996366650201,-3.08805898906725
"146","cv",2,16.21728569976,4.99994643467985,-4.99712285676159,-3.10536446637059
"147","cv",3,37.7393426713226,4.99999999674893,-4.99999456404784,-3.06191908131749
"148","cv",4,51.2097147241424,4.99999997247036,-4.99998581528024,-3.09490299100202
"149","cv",5,30.0092614936448,4.99999999372728,-4.99999906390941,-3.08223112261803
"150","cv",6,17.2162624422781,4.99999999006816,-4.99999547209966,-3.07878942089524
"151","cv",7,280.469094242645,4.99999999966949,-1.86641074843599,-4.2369370403585
"152","cv",8,155.137966215637,4.68740345385729,-4.99999999522329,-3.30800323624761
"153","cv",1,118.845136058168,0.467827298328581,-1.74191049600955,-1.45815841654525
"154","cv",2,106.421613770055,0.404004649592226,-2.00686567348539,-1.4320795366835
"155","cv",3,119.085934085881,4.99999990937801,4.01065566469115,-0.696246927843279
"156","cv",4,102.144465663562,0.520028903546824,-1.80601208780398,-1.18592483970577
"157","cv",5,122.832088102568,0.477516208431969,-4.9632020637493,-1.46618548172829
"158","cv",6,108.308042266205,0.418468395943637,-2.33386312461832,-1.44980077115055
"159","cv",7,102.956262518549,0.475784564623543,-1.93510708825416,-1.28569936519581
"160","cv",8,93.9330687720685,0.509541525789424,-1.82273063495315,-1.08554643231396
"161","cv",1,81.955095259004,4.77519343627283,2.54210465885029,-2.17398230312985
"162","cv",2,57.4893122549002,3.00485522381814,1.95811419370612,-2.01099134574658
"163","cv",3,102.128588345382,1.87042084159569,0.435324709876971,-2.02279591345911
"164","cv",4,118.102861598067,3.34698984943768,1.02947268391654,-2.20820943151488
"165","cv",5,60.9617485143172,3.02130221673853,1.93835399919275,-2.01882013268342
"166","cv",6,154.474788411841,4.75229662947854,2.41528706377061,-2.49427961699074
"167","cv",7,49.9180050588465,3.20830738732153,2.23512386475476,-1.99400815090314
"168","cv",8,213.207912640359,4.99999993569729,2.7684055844336,-2.7018001180161
"169","cv",1,126.653112031895,4.9999999957429,3.4303758453628,-2.08598131388163
"170","cv",2,76.987345882832,4.99998597079025,3.84557569594564,-1.6936610974835
"171","cv",3,95.0616101306875,4.99999998864637,3.92893118021308,-1.72705660488902
"172","cv",4,77.9902050230316,4.99999999415132,4.17391765163272,-1.45403116306192
"173","cv",5,100.493443501457,4.99999996088015,3.69618319709571,-1.85117979095986
"174","cv",6,122.896993116774,4.99999982403076,3.99436948082709,-1.84907660368729
"175","cv",7,84.7420553618023,4.99999971015701,3.93434084236611,-1.66504376867529
"176","cv",8,83.5222401337504,4.96953431449146,3.98191119270843,-1.62904375624965
"177","cv",1,126.828746054026,2.1914474655188,2.08793969385709,-1.40416099136484
"178","cv",2,76.9255658883215,3.20902184144598,3.69494398542807,-1.55842349135674
"179","cv",3,15.7563087270006,3.19373352794729,3.87606700265682,-1.1838388639096
"180","cv",4,74.5213861203418,3.28609129555625,4.23248235197712,-1.09237701009903
"181","cv",5,36.2700786770307,3.19181610134529,4.0096189338537,-1.04997528251027
"182","cv",6,166.503949554055,3.15628575547211,3.88233239168943,-1.34807312630877
"183","cv",7,120.999726347663,3.15259791000521,3.66548523755343,-1.57896830937696
"184","cv",8,28.3515685932835,3.24835955260686,4.04460837318041,-1.09283099726083
"185","cv",1,108.967128474539,-1.09404040517626,-4.99999988808481,-1.78267256159121
"186","cv",2,83.8700966544631,-4.41693292091433,-4.99999999711748,-1.48276953711653
"187","cv",3,91.5667653955513,-3.88634756036924,-4.99999999536876,-1.63607198171648
"188","cv",4,113.980784672074,-3.79396487368401,-4.99999999994366,-1.79286208526339
"189","cv",5,93.6670163732909,-2.91935745431467,-4.99999999976621,-1.59172346208046
"190","cv",6,91.119079664099,-3.9292204679397,-4.99999999967909,-1.59197065623187
"191","cv",7,108.799524871991,-4.67370829706822,-4.9999997499587,-1.73316813366949
"192","cv",8,102.378075011257,-1.07725152027879,-4.9999999824283,-1.70409841744874
"193","cv",1,91.9255660826859,1.45805825571349,4.99988155515935,3.49857572591802
"194","cv",2,114.942806079778,1.31912425566516,4.64163968793135,3.10845179244085
"195","cv",3,137.218248172424,1.3038904585514,4.65838583316127,2.90522441837928
"196","cv",4,94.9538398708767,1.23095107964572,4.11800033023525,3.39095542081811
"197","cv",5,132.891821792523,1.31467103163305,4.63050520712556,2.9228974981099
"198","cv",6,91.7595224231226,1.34459753211754,4.69105921968375,3.49342812361115
"199","cv",7,93.6527988147859,1.35635307506259,4.25553255982371,3.44108437958019
"200","cv",8,93.6195930108918,1.31022518381427,4.99999957910973,3.51936442940703
"201","cv",1,127.383058613257,1.83588533402177,4.99979216695417,2.00068572598556
"202","cv",2,141.230990456423,1.5963049506504,3.92689168160929,1.32317834286439
"203","cv",3,90.8060243812696,1.83647063083385,4.99999906036598,2.21638681287354
"204","cv",4,127.226879224242,4.9999988170889,4.88323254162985,-1.49867524121596
"205","cv",5,70.3318314869261,4.99990366053509,4.81754342738263,-1.17127745540329
"206","cv",6,73.6596018008862,3.50693768547125,4.99999961368414,-0.624895536312284
"207","cv",7,183.432192440957,1.83115122192881,4.99999832934341,1.72790626836748
"208","cv",8,87.0865142817285,4.9999788980637,4.90123611774821,-1.19464405571763
"209","cv",1,111.598538445308,-3.23863299320615,-4.99999999994994,-1.22094921383565
"210","cv",2,111.542824468007,-2.56592004154486,-4.99999999993023,-1.21618475898385
"211","cv",3,102.582344069562,-2.10423595625641,-4.99999999998931,-1.10128360331061
"212","cv",4,91.718963471416,-4.36167388662352,-4.99999999995023,-0.500982814965736
"213","cv",5,102.635306289166,-4.8808770741161,-4.99999999969403,-1.08280353617439
"214","cv",6,92.9346051178833,-3.11362696616241,-4.99999999995135,-0.160160074544139
"215","cv",7,113.436184010379,-3.58228119278774,-4.99999999996569,-1.252469850168
"216","cv",8,114.710143380524,-2.38924611354635,-4.99999999996087,-1.26516730478812
"217","cv",1,221.337936221937,3.33220010341721,4.11195141256532,-1.10833842239938
"218","cv",2,148.258304833637,3.32752158004432,3.79153021125579,-1.23630809296832
"219","cv",3,140.10076778359,4.99999911209263,4.17335334468791,-1.45694182660076
"220","cv",4,33.7153144653325,4.99999995748692,4.24700879089862,-1.09988334607273
"221","cv",5,43.0063165762865,4.99999992190164,3.814489651061,-1.4054089099436
"222","cv",6,53.8708494768871,4.99999995402669,4.28499853431027,-1.10374524875743
"223","cv",7,53.6769025526777,4.99999990615845,4.16222149744581,-1.18974427741802
"224","cv",8,92.8098737662965,4.99999997121536,3.7040295512174,-1.62978302558775
"225","cv",1,105.694653040349,-1.00857489441208,-0.62304565350129,-4.99999947141792
"226","cv",2,105.318076413821,-1.011514797583,-0.622420098552943,-4.9999999426394
"227","cv",3,91.3835097810072,-1.14651985952085,-0.573281828797422,-4.99999948809082
"228","cv",4,99.8937941590073,-1.02352789801619,-0.619832310290647,-4.99999991360693
"229","cv",5,102.612402543328,-1.02399885424216,1.9687371629285,-4.99999986856725
"230","cv",6,97.4130310299709,-1.02614895377523,-0.62013649479787,-4.9999994666366
"231","cv",7,103.9139577216,-1.00854895990521,-0.602500191886431,-4.99999906921451
"232","cv",8,114.140367492947,-0.97897555706494,-0.653428259660664,-4.99999937399747
"233","cv",1,130.243305002702,3.99888688039241,-4.99999940092017,-1.70818387239144
"234","cv",2,95.1216534313022,4.99999992162102,3.22775855943436,-1.35583856462007
"235","cv",3,165.065122651377,4.999999974978,2.41832024336694,-2.05381155123998
"236","cv",4,156.429853072632,1.20108260695062,-0.419284712976445,-1.72087750611637
"237","cv",5,133.627372539256,3.98318352489083,0.674667994117459,-1.71242521723066
"238","cv",6,98.0262110267882,1.25616913498612,-0.133889959482002,-1.0474199027251
"239","cv",7,81.9169603777158,4.9999997301188,3.21889661726994,-1.08829747691276
"240","cv",8,135.199343388139,4.99999976614705,3.36938069991038,-1.60286402655241
"241","cv",1,48.0581902764103,1.67424661293036,1.83634714106293,-1.48538110126365
"242","cv",2,70.8396283798272,1.55757069149502,1.4282032925262,-1.87101554795045
"243","cv",3,269.324915332822,1.36327875021341,2.12238599745528,-1.54210354389895
"244","cv",4,78.5191384300618,1.65442215428166,2.05763340435082,-1.50483676021596
"245","cv",5,23.0150107577707,1.63967589631547,2.0275574351485,-1.21383239822598
"246","cv",6,62.7257795349614,1.45335042347954,2.55477032596766,-1.08816985652249
"247","cv",7,37.7419432560638,1.55868180491504,1.72238818114883,-1.49730399945209
"248","cv",8,10.9088445446454,1.58127774001754,1.82083293106671,-1.4108487050952
"249","cv",1,61.6892825904973,0.602705108140509,2.09241706327052,-0.0753680093847178
"250","cv",2,52.7436864004101,0.683442838473886,2.41678030849483,0.252034589669114
"251","cv",3,100.86429578989,0.673945878231688,1.96531947023699,-0.334489227188143
"252","cv",4,90.8513383041104,0.800102950728361,3.60684483880925,1.25890372793122
"253","cv",5,64.7961548500269,0.733937055809513,2.86514561767504,0.640061879669148
"254","cv",6,107.978132916949,0.694454625876401,3.40799031169541,1.02387994927689
"255","cv",7,62.8460067504295,0.70198051194916,3.31537160633658,1.08141791842022
"256","cv",8,41.7970574660105,0.660320789169661,2.82234374324404,0.675666849902065
"257","cv",1,126.024875422103,4.99993946465199,4.99990838706253,0.408505138347665
"258","cv",2,114.526066170404,4.90398383771481,2.59755016793615,-0.763050630305704
"259","cv",3,109.14940216127,4.50593566978128,1.48992641814487,-0.732633088505206
"260","cv",4,107.925869634761,4.99999978573856,4.9999999497622,0.829460426460132
"261","cv",5,105.006406746326,4.43669160125425,-0.117789459233998,-0.648400349090976
"262","cv",6,109.849838587675,4.28064526011294,-4.99999991701859,-0.814143207671952
"263","cv",7,116.67923436969,4.99999903109409,2.8393084607904,-0.709447963451708
"264","cv",8,102.037581139362,4.99849841365951,4.99564715717416,3.10938937571359
"265","cv",1,114.232227996083,1.3013957913023,-4.99999995084151,-1.07540343185148
"266","cv",2,94.0821751892341,3.4682341205169,-4.99999995250556,-1.57138964316554
"267","cv",3,128.461175257984,0.415296238677849,-0.0551465929711698,-1.19506609978869
"268","cv",4,117.555254961005,1.55096022605407,-4.99999980320384,-0.929446889349429
"269","cv",5,100.718421802622,1.36242494066187,-4.9999999515798,-0.738497629939554
"270","cv",6,158.310229453129,0.299317447685936,-0.857503788673224,-2.16492334828671
"271","cv",7,138.792067414753,3.63752086829164,-4.99999938028113,-2.08471997625114
"272","cv",8,158.865344859745,3.60031545416851,-4.99999988460994,-2.14663282575198
"273","cv",1,98.7489214823787,4.99993922941284,4.99960898522645,0.209698954868485
"274","cv",2,131.927727478685,1.5213051224103,4.81863087721137,3.03815658143273
"275","cv",3,98.9528021731595,4.99999709352549,4.99999996212349,0.203481026539657
"276","cv",4,95.4406236375081,3.30855289106491,3.07633392847533,0.243593527969161
"277","cv",5,121.514966961203,4.99999945546257,4.99999973206596,-0.224954359361625
"278","cv",6,87.4042451044064,4.99997375644214,4.9999775850585,0.450907533639199
"279","cv",7,104.832332441451,3.49592703991525,3.10345373635755,-0.171511917304443
"280","cv",8,113.000802936606,4.99999691403139,4.99999492238833,-0.137098212027284
"281","cv",1,125.798775116807,4.95802064082712,-4.99999970925282,-1.49979932197341
"282","cv",2,115.041366983324,1.60407131406601,4.69584812683222,3.00186833967308
"283","cv",3,162.059523727291,1.10566624698343,0.256079298569434,-1.18980331518165
"284","cv",4,99.3667838166598,1.21343059391772,1.05385820895802,0.109525660185222
"285","cv",5,116.937488234659,4.99999999740823,-4.99992048880184,-1.44925038943492
"286","cv",6,122.451989179921,4.99999999357808,0.680351266060847,-1.45615055811613
"287","cv",7,138.423171795163,1.29859658323883,1.2924839913677,-0.143442897055256
"288","cv",8,110.31167119811,4.99999998844985,-4.99998162867009,-1.31428375063561
"289","cv",1,39.1855691368699,1.22407692479801,1.1853651095025,-0.938224323662619
"290","cv",2,39.4830191184679,1.40584634589461,1.57206873695467,-0.740728823433934
"291","cv",3,156.624004799456,1.40070135514494,1.96044905772299,-0.768142362496208
"292","cv",4,65.4676033983382,1.32188476519548,0.958597192521911,-1.12343953599808
"293","cv",5,78.4644965864962,1.35081609909746,1.57008723737085,-0.74985597565753
"294","cv",6,47.861265260953,1.2866576050608,0.97590446801495,-1.06966309372828
"295","cv",7,140.385016279416,1.37874220775207,1.00738792094213,-1.35683971301932
"296","cv",8,88.9050759131864,1.40035782156,1.34777074279162,-0.914776321049834
"297","cv",1,110.965603459853,3.45907527806921,4.99997092056263,-0.145218541584046
"298","cv",2,169.235894938224,1.90349331160624,2.32616477607086,-0.665839426040298
"299","cv",3,55.6188960550974,1.61654484079405,2.66324134876898,0.591742334859694
"300","cv",4,260.100820101829,3.55360040257989,4.99999323030688,-0.824023763580583
"301","cv",5,70.8277605874339,1.66560318594849,2.7036815671397,0.457442307195226
"302","cv",6,72.9411572113938,1.76099413042513,2.30398576455128,0.0392038539338131
"303","cv",7,49.0362318701565,1.69722334197465,2.31639498603989,0.220576700406608
"304","cv",8,55.5162400147815,1.60822471684365,3.96312288552398,1.91215219750241
"305","cv",1,116.906548343404,3.65750555893411,3.59879045963155,-1.96051405701149
"306","cv",2,81.8868759211936,4.99999294207005,3.74726220095347,-1.05276165133311
"307","cv",3,105.915546904978,4.99999994872077,2.64537914390254,-1.9447785413756
"308","cv",4,85.8726133130083,4.99999984392066,3.37991473887676,-1.2578904265491
"309","cv",5,105.315735074451,1.88968464056793,4.0398821559448,1.87218992326322
"310","cv",6,132.51321107794,3.74502788388575,4.03306359517576,-1.65893886666474
"311","cv",7,134.81100752431,3.45866793780803,4.01546804385999,-0.930961134403124
"312","cv",8,210.585261305778,3.67185454651858,3.87236223917208,-1.76043677042186
"313","cv",1,104.33372091801,1.39319781668245,1.3532994785601,-0.759945347793269
"314","cv",2,96.8399611454017,1.37143558008181,0.689113455889911,-1.40270599312922
"315","cv",3,69.7246059966892,1.44636680204936,1.46657088556029,-0.561192596681024
"316","cv",4,85.7188248641448,1.36846160398824,0.967475386425947,-1.1058972327116
"317","cv",5,64.2508415823392,1.31901845874837,0.750965129317255,-1.13841679150941
"318","cv",6,122.922008959585,1.36676039068752,1.15288447085505,-1.06657859217329
"319","cv",7,127.883479740862,1.43755908082823,1.25293635540613,-1.03969193716665
"320","cv",8,46.0691201652402,1.21087040382625,0.803010410545929,-0.972425979636731
"321","cv",1,104.151993196865,-0.527464139356173,-1.48185703380961,-2.45323764374247
"322","cv",2,144.58913186622,1.1016793938287,4.67525540326966,2.81700309116225
"323","cv",3,106.034583889023,-0.589768293638708,-1.47119578103988,-2.50982485424037
"324","cv",4,109.12562061601,-0.649586449013543,-1.4740911846774,-2.56031288172114
"325","cv",5,106.248951043587,-0.159786107642419,-1.4791127120526,-2.3060425088667
"326","cv",6,117.537965234106,-0.444047775439766,-1.51902638704941,-2.48645379431759
"327","cv",7,99.9832367283998,-0.603202537787591,-1.48185773438343,-2.4361354648261
"328","cv",8,172.917342419849,1.00561345113241,3.92390200430939,2.42147651697134
"329","cv",1,131.74883210237,4.99999955203247,-4.99999694784601,-4.38360020292087
"330","cv",2,32.0770555897128,4.57989644497321,-4.99999994475545,-2.55433884294747
"331","cv",3,271.613638319425,4.99999997357117,-4.99999922567109,-4.15072302675701
"332","cv",4,61.6669937717738,4.27825371356941,-4.99999988170415,-2.59110218649073
"333","cv",5,56.24734691343,4.16760082785853,-4.99999995099406,-2.57163887759972
"334","cv",6,50.2230667504284,4.66301209218559,-4.99999995103346,-2.56973692472971
"335","cv",7,114.144371491102,4.99999995060841,2.58651214641568,-2.61921064838076
"336","cv",8,29.8306041342622,4.10050427331369,-4.99999974937834,-2.54260758958852
"337","cv",1,233.800713385599,3.10308966387141,4.99999998183074,-1.47113976359296
"338","cv",2,91.2893739010811,3.14103393132315,4.99999462519052,0.995201751053824
"339","cv",3,95.821757433144,3.14104468597635,4.99999951315287,0.925652923821153
"340","cv",4,91.1929423794943,4.99999608775345,4.99999545577535,-0.487736034149321
"341","cv",5,125.340804640153,3.46852828722266,4.99991052779303,-1.86665234060552
"342","cv",6,114.529252752399,3.32632763036497,4.99999956913431,0.580169146359294
"343","cv",7,88.6267079960508,3.09810309011298,4.99999492786328,1.11241692548391
"344","cv",8,96.5814383700272,3.14319820376113,4.99717800314805,0.878812705831563
"345","cv",1,107.606069562422,1.66041961819068,1.58210999463256,-0.412259379199242
"346","cv",2,94.0641782203991,1.87439618872347,1.00593025185583,-0.680689490456541
"347","cv",3,118.838962360342,2.35917441583041,4.99672553783206,1.88703378398935
"348","cv",4,170.737968279409,3.48920531027215,4.24733781576762,-1.12510445750799
"349","cv",5,129.267695335707,3.53452242186897,4.04712640428266,-1.0678697300685
"350","cv",6,91.6476524712251,1.71171887148738,1.53681959315203,-0.328352621296948
"351","cv",7,124.385257090864,3.44576200995002,4.99999774876246,-0.176830736821993
"352","cv",8,100.378532790817,2.30475927208101,4.99999985413742,2.07802087071874
"353","cv",1,144.792056278575,2.56978613346991,4.9999995450801,0.685950677855029
"354","cv",2,88.3499540374795,4.99999936219227,4.90603415222821,-1.3459638412829
"355","cv",3,132.76208407679,4.99999989003499,4.99999872049301,-1.25685107301922
"356","cv",4,59.0719245098744,4.9999972670191,4.99999863388582,-1.11088897811261
"357","cv",5,88.0077238696468,1.39893664297927,1.94408382515862,0.308798205574943
"358","cv",6,92.482286719963,1.41889634669681,2.21669784552562,0.492540675626985
"359","cv",7,108.161986543478,4.99988839482949,4.99920618092481,-1.3583512791835
"360","cv",8,82.3944341085626,1.48779853246378,2.63031181698921,0.866560876693544
"361","cv",1,79.0578394362768,1.22886397245191,0.160072535743214,-1.51737279892691
"362","cv",2,159.915137648445,1.29574283082498,0.42477459316959,-1.73589502875558
"363","cv",3,155.453364836363,3.68043677471848,-4.99999814426851,-2.1758836290348
"364","cv",4,101.806431349922,1.19730925229732,-0.0426083301857667,-1.740264467658
"365","cv",5,150.105574792144,1.27783709408126,0.642170083020665,-1.46510289667492
"366","cv",6,90.4851715438771,3.941902599361,-4.99999376481269,-1.81901290721971
"367","cv",7,164.032511368482,3.67198317829674,-4.99999999600789,-2.18853135092017
"368","cv",8,114.000856119873,3.83164950973809,-4.99999966935448,-1.97634682344202
"369","cv",1,80.0342059504508,4.99999909171758,2.86839763185157,-1.59186288113755
"370","cv",2,86.6171969750559,4.99999999799695,2.82712491241179,-1.68295059851738
"371","cv",3,125.317321129403,4.99999996386963,2.89547582764814,-1.9200384728302
"372","cv",4,80.582946194064,4.99999996574801,3.15481401407859,-1.48370526830019
"373","cv",5,104.134942418217,4.99997976867838,3.32908874554423,-1.64652294147151
"374","cv",6,115.3388134946,4.54203082378887,2.3772262444851,-1.80651899956327
"375","cv",7,81.650962395832,4.93044642762531,2.95245920016255,-1.54481837601062
"376","cv",8,106.339800562914,4.99999899199851,3.33695217702492,-1.65974212311345
"377","cv",1,149.427055212064,2.44528969785679,-4.99999997778237,-2.09993808504135
"378","cv",2,59.4036041492159,2.42562486954652,-4.99999984285635,-1.75643609970143
"379","cv",3,145.661933298617,2.4781147528061,-4.99999997073452,-2.08311227329616
"380","cv",4,59.4033188620376,2.20238392378187,-4.99999990337748,-1.81411780656627
"381","cv",5,66.3130918922503,2.36163195445451,-4.99999995429835,-1.8151343734097
"382","cv",6,52.6264995167058,2.41696186193792,-4.99999994489399,-1.73274718248631
"383","cv",7,65.9077379154674,2.43530899464412,-4.99999980091788,-1.79707119659031
"384","cv",8,140.658304846081,2.43131655997001,-4.99999984096775,-2.06586974987237
"385","cv",1,60.1883662516137,1.38435649496957,1.68441195875388,-0.85965234825785
"386","cv",2,70.7412616896727,1.35356865295884,1.26785386264065,-1.28806356901172
"387","cv",3,33.0771738468547,1.28018749132034,1.1802966101625,-1.1432213552197
"388","cv",4,45.5991270493561,1.27388541389698,1.14713071730745,-1.19138770353867
"389","cv",5,73.9061213292773,1.28984780345453,1.19119403351781,-1.22424402946786
"390","cv",6,118.248473821657,1.43073930333999,1.80360015545852,-1.04413732915533
"391","cv",7,155.790402200643,1.36100048069073,1.375559468309,-1.38726640434052
"392","cv",8,67.4144508079666,1.37237984775207,1.43543307255987,-1.11036197233896
"393","cv",1,108.049743704731,-0.396587734522872,-2.22473919903831,-2.2890869199978
"394","cv",2,77.7597975199501,0.294935992534157,-1.47915936863013,-1.91220645841671
"395","cv",3,106.563893164628,-0.113595083951459,-2.26753581641839,-2.23605527920087
"396","cv",4,97.4908836787374,-0.123498182334467,-1.75587212527334,-2.25635234079364
"397","cv",5,68.2860427057886,-0.22225593845527,-1.96734760599422,-2.14805748226786
"398","cv",6,100.936402774784,1.48143038169185,0.995480006736426,-0.597130819320095
"399","cv",7,142.216036356506,0.518700433081887,-4.99999985007689,-2.07772041112003
"400","cv",8,138.873809475234,-0.0519658656831058,-1.97328620398913,-2.44946007675305
"401","cv",1,68.655350691649,1.88207872679421,3.98849266142133,1.29847240912733
"402","cv",2,110.764434349954,1.86705847471732,4.37140789235494,1.10148802178577
"403","cv",3,109.195592538922,4.99999998573882,4.62663728486189,-1.67821282730947
"404","cv",4,83.5089551501095,4.99991657995007,4.97455937417853,-1.4204049848078
"405","cv",5,70.1726430865091,4.99999579264826,4.99999936442735,-1.41953032119942
"406","cv",6,107.810935412584,3.49579433486352,4.57023597659925,-0.903181531614367
"407","cv",7,63.3573214889877,1.60814510839262,4.1773325756539,1.94853704608418
"408","cv",8,277.164844118493,2.29903833731036,4.99999899001196,0.818863719280052
"409","cv",1,160.583388128854,3.33111475885138,3.70182110419984,-1.12047884173012
"410","cv",2,114.473995781355,4.99999997270836,2.57879577521948,-1.17281638880185
"411","cv",3,101.024003371054,4.99998375983758,3.34222279237951,-0.856441791869987
"412","cv",4,89.8265785259437,1.79254399379701,3.99810365560541,2.66791341698158
"413","cv",5,213.894499766018,3.33556856255265,3.70220318295845,-1.3808038462685
"414","cv",6,99.0732142948007,1.7895082952492,4.24436207517397,2.67898216439524
"415","cv",7,124.034183425558,1.58232857752943,3.94273218258186,2.34225586149979
"416","cv",8,98.0533403131516,1.71088341309251,4.16892174242962,2.6970231521314
"417","cv",1,55.5193261946057,2.51352105754626,1.33080177079695,-1.77882227989294
"418","cv",2,97.23909656719,2.60477783076959,1.16441430006112,-2.03618076984432
"419","cv",3,87.6099800649845,2.69736359205509,1.0813704278047,-2.05592025561201
"420","cv",4,55.1320929868474,2.60410050817934,1.30584157260659,-1.8986273079557
"421","cv",5,93.1491524102424,2.71077683904896,1.64902060403055,-2.02869005099866
"422","cv",6,161.755704999748,3.25800089194979,2.65096580276252,-2.56378753144533
"423","cv",7,101.049503727498,3.43775866897887,3.08997063167,-2.30265659119979
"424","cv",8,73.7865988939534,2.57706023225277,0.72823756382118,-2.02631218444182
"425","cv",1,143.738520820022,4.99999999760384,3.0844122983606,-1.97946220124286
"426","cv",2,161.53360600073,2.82872740009507,3.63007602028353,-0.512282671154087
"427","cv",3,91.4898982279967,2.25938771228281,4.48721077908647,1.90631246385004
"428","cv",4,114.256377839463,4.99999993020996,1.29105028503198,-2.06665529362427
"429","cv",5,95.4361952705621,2.79573199172622,4.99936926913398,1.63730120853412
"430","cv",6,99.0663814718043,2.31960383512398,4.49355224746377,1.70432918757952
"431","cv",7,100.605714271674,2.21769527932432,4.99999821784517,2.19403309865958
"432","cv",8,126.079735516033,2.8117795396931,3.44505799154044,-0.269755570858426
"433","cv",1,12.3578784919393,3.56992791111415,4.44917097839616,-1.84696452589182
"434","cv",2,16.7018223081011,3.55383657609531,4.45168124938802,-1.80740314637552
"435","cv",3,39.9784525220134,3.53341286694983,4.20123847342965,-2.1081857625893
"436","cv",4,98.9616386999485,3.54500775715558,4.48766415055635,-1.82904186398357
"437","cv",5,52.6291024566256,3.58446889732746,4.53677384991464,-1.77017871493466
"438","cv",6,214.073704945492,1.67831557073119,2.00977300318214,-1.51391871055359
"439","cv",7,111.708657908411,3.57380980287427,4.42615325378687,-2.07914930025563
"440","cv",8,28.2805346234616,3.61777387161955,4.33431893618408,-2.01898691208552
"441","cv",1,274.027601110291,0.710585403333385,4.93408104333034,1.7292599927947
"442","cv",2,86.252354464369,0.865540263192176,4.99999996891271,2.88334518346847
"443","cv",3,98.4858452574016,0.909124453905543,4.99999952704473,2.7593990932841
"444","cv",4,98.2613956023501,0.909122623646724,4.99999996232587,2.7486109300727
"445","cv",5,88.6209569134807,0.908988333775627,4.99999983872601,2.88693071021389
"446","cv",6,95.7402853778761,0.444230831961094,2.97189916853105,2.33010360245249
"447","cv",7,85.80769487021,0.804638677452984,4.9999970564732,2.88435206092045
"448","cv",8,85.0546314511076,0.804620376438016,4.99999920417931,2.89173771111947
"449","cv",1,81.5455611758336,3.50690884318047,4.35955897780864,-1.05196763234143
"450","cv",2,160.332160354282,4.99999986664823,4.88930300371205,-1.90566779509694
"451","cv",3,129.819803244832,4.99999997532566,4.5551318233509,-1.93661932314612
"452","cv",4,59.4671887672468,4.99999999321386,4.43686237233521,-1.57946701057965
"453","cv",5,83.7090850519884,4.99999859659395,4.99999159838572,-1.22171531676823
"454","cv",6,95.0934379320352,4.99999509841905,4.99999820908176,-1.35776539031617
"455","cv",7,85.3640185441187,4.99999998220006,4.17665420548272,-1.81794205402193
"456","cv",8,100.850172119527,4.99999994308332,4.86609065780603,-1.57465959031179
"457","cv",1,119.914307756105,4.99999989119951,4.05213369005102,-1.78308750647625
"458","cv",2,84.1739725304119,4.99999955150785,3.70324903479694,-1.76394796911366
"459","cv",3,190.775003154843,0.590748069412053,4.16477674063483,2.36190540154046
"460","cv",4,217.771001542659,4.99999915991573,3.37041394856564,-2.4444314243021
"461","cv",5,64.6795857379148,4.99999988108265,3.66713537752958,-1.68141377749541
"462","cv",6,68.5366881453233,4.99999998255953,4.17893202125967,-1.46286500317095
"463","cv",7,64.6344703473311,4.99999998684235,4.00281737115337,-1.50396641156786
"464","cv",8,71.1697237416935,4.99999947810667,3.65150355661353,-1.72968349091418
"465","cv",1,120.432325627513,3.08167935423735,4.99999984111644,0.788067356074804
"466","cv",2,80.2056404090766,2.04796003822643,4.31059608631066,2.27073399447346
"467","cv",3,147.690183348853,1.9680364480495,4.25726922550054,1.72473151782011
"468","cv",4,120.071194485613,1.86210079048572,4.18716050616102,1.96228386742631
"469","cv",5,82.5244848760832,2.94729490183324,4.99999930453732,1.4787283240262
"470","cv",6,116.033376307971,1.88734358531372,4.22224262084194,2.00496145765752
"471","cv",7,69.9410140099111,2.02424585729335,4.31658055563789,2.5008359915153
"472","cv",8,111.456489834222,1.88231347837344,4.06157149642345,1.901064011626
"473","cv",1,104.516610106478,2.81628906202615,1.16424731193093,-1.25560790260486
"474","cv",2,163.370237229291,0.749709564367434,3.25358215742239,1.689464245538
"475","cv",3,171.59902716825,4.99999999191257,-4.99970994230382,-2.90859785443513
"476","cv",4,81.6587382373649,2.58919708899091,2.00056790192271,-0.542278339555354
"477","cv",5,96.2453268176265,2.803007290066,1.10266896474078,-1.20993709661281
"478","cv",6,175.174725490455,2.90383181779622,4.9999968112571,0.499578828571584
"479","cv",7,103.398519377738,3.05162381189281,4.99999947555559,0.664675987398721
"480","cv",8,84.8877115951628,4.99999927201267,-4.99895781535191,-2.22380020400299
"481","cv",1,90.202141427586,1.31491042838593,4.99999997336684,2.5187225039023
"482","cv",2,141.92748845745,1.32336250414307,4.99999513717906,2.17261554094089
"483","cv",3,109.591897716922,1.11330328586714,3.95027924602181,2.06545734130054
"484","cv",4,144.47645279977,0.990494403192722,4.99980102616416,2.30501867709693
"485","cv",5,79.1999812549532,1.31485604811627,4.999990388192,2.55119531064205
"486","cv",6,86.8762669734618,0.976992158979642,4.99998653499567,2.66541154198966
"487","cv",7,87.3211399136301,1.31348787084382,4.99999978767207,2.54060171365974
"488","cv",8,94.8204771569045,0.976982213916629,4.99997809098882,2.60455552948994
"489","cv",1,119.990928599759,1.58012060728652,2.39375102770546,0.992504327421165
"490","cv",2,120.249324663684,1.40743821819682,0.776102292601503,-0.406818534726435
"491","cv",3,106.914170674586,-4.2263420504542,-2.51965039848211,-1.41126554186348
"492","cv",4,150.777069328861,1.90586556070691,4.49842075934453,2.36402627546138
"493","cv",5,116.295575300108,-4.7244378102494,-1.44884479147639,-1.96405720625975
"494","cv",6,112.191593338166,-3.98245401588384,-2.25693741393374,-1.57212322605439
"495","cv",7,103.221422846435,1.7869268242019,4.34445684312706,2.99976232416591
"496","cv",8,109.893492970561,-3.77012965764136,-2.26338386016983,-1.53662035289157
"497","cv",1,94.7659044866291,3.54475449057866,0.239921295513737,-1.55317426569224
"498","cv",2,111.348774094015,3.50610786580023,-4.99999976731405,-1.75952141775307
"499","cv",3,159.937923020457,2.74374233991201,4.99996892905917,1.57597992929066
"500","cv",4,83.2014710200487,3.35734824387204,-4.99994772705393,-1.41533277652632
"501","cv",5,125.870182117953,3.59436403126675,-4.9999998566479,-1.85471929306168
"502","cv",6,82.5477526155853,3.98737693077569,-4.99999996363703,-1.26315818281156
"503","cv",7,146.54616762069,3.51842871140717,0.8347352464487,-1.86964452454196
"504","cv",8,117.312225761148,3.57038142773881,-4.99999935764743,-1.79116384723049
"505","cv",1,30.5009506361102,2.93707240159958,3.96033758382648,-0.88270328764689
"506","cv",2,166.530446679181,3.03362320599622,3.94856973800222,-1.62738540671671
"507","cv",3,20.0609321714447,2.78344994473816,3.93804732603459,-0.528100871324216
"508","cv",4,35.611926987744,2.65973546049769,3.63885032516368,-0.683505978646243
"509","cv",5,40.3475087374052,2.95552743444692,4.11543459752253,-0.807043245618573
"510","cv",6,31.3047879497975,2.92145805611309,4.04924239949362,-0.820771086694314
"511","cv",7,32.4795420724403,2.87653647772676,4.25138656395931,-0.568284533109547
"512","cv",8,75.2471210228482,2.94312070229505,4.53653186747263,-0.562537731952421
"513","cv",1,99.5246830453393,4.26415714977433,1.66862241876115,-1.88578520993125
"514","cv",2,127.353468263964,-3.1391047570826,-4.9999999999017,-1.95356238417764
"515","cv",3,97.2673724761662,-4.60568205823245,-4.99999999997419,-1.82751391825988
"516","cv",4,58.2371975794346,4.48402400577343,-4.99999606505066,-1.75320837609394
"517","cv",5,151.380089239596,4.51631139210625,-4.99999870443734,-2.2895161189978
"518","cv",6,83.2079028707401,4.45435806566082,-4.99999983037846,-1.95929187359197
"519","cv",7,132.561117022465,4.46020071934315,1.64632790409352,-2.0809911544219
"520","cv",8,78.7961881488593,4.63086470735159,-4.99986710794793,-1.95951946643301
"521","cv",1,148.881337165502,0.369951038321235,3.99724681482299,1.5985704225093
"522","cv",2,77.9433189390691,0.764016790714569,3.90994382771323,2.21751010770644
"523","cv",3,134.308161462502,0.961822379253536,3.90689675238588,1.88936424133269
"524","cv",4,80.4461056187657,0.609499122620198,4.11317282842147,2.28504973383409
"525","cv",5,96.2858999041174,0.734556044199215,3.91987309842232,2.08391199976016
"526","cv",6,81.6026947127246,0.874671683466612,3.91193729004533,2.18952084703243
"527","cv",7,234.529207190067,3.56652346386518,4.11896414469648,-1.82789263309172
"528","cv",8,92.1068123421773,0.948372344925397,3.90685071041088,2.12649485716337
"529","cv",1,83.8665216750399,1.62147522930115,1.29455385609416,-0.513212668459838
"530","cv",2,116.730175498891,1.53539654594111,1.89131203845699,-0.084501193608537
"531","cv",3,96.84396258959,1.7005359525889,0.964373652136253,-0.957477215474579
"532","cv",4,134.120299797762,1.67860309171046,1.27083984050292,-0.967686630537548
"533","cv",5,101.243004869357,1.66788245459065,0.912220982613294,-1.00690881627441
"534","cv",6,154.215885941919,1.51912170807098,1.48329856045559,-0.655680057073102
"535","cv",7,88.9462827572949,1.59652383538129,4.9950382735591,3.12536106525086
"536","cv",8,111.605589516449,1.52426047992735,2.0740925813682,0.211206824951135
"537","cv",1,111.321370403496,2.42785125136913,4.99998056684593,1.56106729341185
"538","cv",2,96.6803988921307,4.99999999629335,3.87752604970797,-1.51953897301966
"539","cv",3,96.0906608775198,4.99999756194276,4.12941002533189,-1.43090377593325
"540","cv",4,167.085909006943,2.39462866386445,2.67762544997713,-0.664177452100496
"541","cv",5,114.320488054876,4.99999996930293,4.20760388373433,-1.52792643787902
"542","cv",6,68.2277420014844,4.99999041358574,4.14126047847464,-1.2459320286126
"543","cv",7,165.416081545814,-0.29759931979304,0.924965790228682,-2.38105893443838
"544","cv",8,150.579388574871,3.41214342856438,2.08490250150765,-1.7688818311967
"545","cv",1,85.5404421562932,4.99999999105199,4.53040011476093,-1.34036049694216
"546","cv",2,95.0583969432906,4.99999949354935,4.78182736184191,-1.15574700712359
"547","cv",3,228.461470267563,4.99999998854141,4.37862406754832,-2.17214583159125
"548","cv",4,82.4724350241071,4.99999995361033,4.7442697900026,-1.32493884516436
"549","cv",5,56.1382506598822,4.99999988099406,4.26216759282129,-1.40018220718988
"550","cv",6,99.072267073084,4.99999996840767,4.3956022192901,-1.5184910323428
"551","cv",7,82.5918026956897,4.99999761733678,4.59932708830974,-1.27759356085937
"552","cv",8,54.1783709670544,4.999999993113,4.27980930326375,-1.43670782006213
"553","cv",1,128.271551802962,2.22285260368519,-4.999999852677,-0.990187307035358
"554","cv",2,72.6394603326492,2.2016381029955,-4.99999880573789,-0.402653102155111
"555","cv",3,168.836814272067,1.78130533088461,-4.99999999802978,-0.671270258863026
"556","cv",4,125.825248659298,2.26325986921328,-4.99999994020594,-0.945022519215757
"557","cv",5,107.821935527067,2.20868724327069,-4.99999979520549,-0.758589656351837
"558","cv",6,69.5164494971488,2.19027716752102,-4.99999983858796,-0.356116265802719
"559","cv",7,101.494092156999,2.21583277938311,-4.99999974804765,-0.71084375923633
"560","cv",8,99.1374548975913,2.1874211090623,-4.99999984038143,-0.676155939675138
"561","cv",1,159.650108631253,3.56290118415322,3.4995951231291,-1.97596221543968
"562","cv",2,66.8602178566891,3.56322672134115,3.76735159539084,-1.42137632018445
"563","cv",3,152.812333257765,3.73074447420503,4.20335962169528,-1.59215408769563
"564","cv",4,75.9064021464065,3.47202327679326,3.64877477290538,-1.42994919785407
"565","cv",5,90.8849349484184,3.28019608124247,4.35183614635887,0.0936902399483129
"566","cv",6,75.8931903298715,4.99999991075332,4.07776951515054,-1.38455489301571
"567","cv",7,87.1623469956956,4.99999726115658,4.32182311116696,-1.28015565872945
"568","cv",8,175.919729010215,3.59887810472724,3.82145365496967,-1.80392135216751
"569","cv",1,90.9841913938895,1.38076329641636,4.99999573601042,3.83074324994665
"570","cv",2,96.9660070245587,1.63870392304963,4.99999694118112,3.32180931678272
"571","cv",3,128.688055085315,1.60640464544265,4.99999094688267,2.92133759110714
"572","cv",4,108.60070552967,1.60497198642853,4.9999982701089,3.12072612825023
"573","cv",5,90.1163454625037,1.59036803248731,4.99999999438842,3.59577081642
"574","cv",6,162.728659295307,1.61571368134147,4.99988213819331,2.70472785044573
"575","cv",7,91.3987493909159,1.58981528809764,4.99989639824977,3.5214699607184
"576","cv",8,92.802880509453,1.61439117707277,4.99999194631561,3.47443896358066
"577","cv",1,73.9587761117424,0.639148277063864,-0.398924074999098,-1.23236575596574
"578","cv",2,149.629921691865,1.22092426977539,-1.09893622981159,-1.85245323837321
"579","cv",3,133.307622071648,0.679341710458149,-0.322633891602792,-1.71548838386188
"580","cv",4,100.114708723639,0.366184609644249,-0.757124607988853,-1.88811916925776
"581","cv",5,150.94765633098,0.584030014996369,-0.619748644048692,-2.13198347189902
"582","cv",6,92.0326751229264,0.596330535833276,-0.611803634210793,-1.67737509217026
"583","cv",7,127.025324128978,0.805407506875248,-0.782751180488148,-1.840959842704
"584","cv",8,73.1070336772407,0.625277802591815,-0.481364843822326,-1.30797597228324
"585","cv",1,79.3912368215398,1.22200888888357,3.91321949804758,2.11698765626934
"586","cv",2,212.194794530915,3.64582661229142,0.480340872719747,-2.51492899510722
"587","cv",3,81.7207913707569,1.31025018053605,3.91506882271214,2.00497410275426
"588","cv",4,60.876761242102,1.12874435837277,3.91241903295811,2.34316023541377
"589","cv",5,114.260279654514,1.07654144882056,3.96441933546321,2.10014607350793
"590","cv",6,99.3360232164997,1.24592636695908,3.9135664420572,1.9680854537674
"591","cv",7,155.915298334037,1.26662301514816,3.91364870822073,1.7026646186527
"592","cv",8,115.648552573135,1.05855981357118,3.59555054496422,1.79871587100573
"593","cv",1,171.144925361556,3.07737351295726,2.40309601874491,-1.2850867601912
"594","cv",2,133.011093974335,3.36973005744313,1.60472003857725,-1.48615538386992
"595","cv",3,110.667145359915,-1.07383690450674,-0.739852734401534,-4.24291375640159
"596","cv",4,113.727450053562,3.38728526130406,1.57512979893468,-1.3119363368563
"597","cv",5,101.366594887842,-1.21829907021022,-0.740192761191182,-4.08692863699058
"598","cv",6,105.603918131695,3.0428464717813,2.36913739460817,-0.762238186017676
"599","cv",7,108.850659377019,1.41791816360832,4.55313829697325,3.20650625042105
"600","cv",8,154.395281848528,1.43532783137777,4.53280319843801,2.7828649971152
"601","cv",1,111.209449272959,-1.00441891452524,-4.99999979774313,-1.6272151773688
"602","cv",2,106.573358866571,-1.0530807269079,-4.99999986004967,-1.52778938866077
"603","cv",3,129.415500166469,4.99999998506854,2.9328247964622,-1.84908695679453
"604","cv",4,119.559284667824,4.99992496858709,3.15501474162471,-1.63118137531979
"605","cv",5,119.008749587676,4.99992308314346,2.24543378000003,-1.88625540119114
"606","cv",6,102.741097391256,-0.994410106639599,-4.99999909879873,-1.51139811870495
"607","cv",7,107.540800008562,-1.06690990638827,-4.99999996973395,-1.55761116821643
"608","cv",8,103.804948398186,-3.14570741463049,-4.99999999963826,-1.54222600240868
"609","cv",1,149.023123654342,3.32080411925265,3.13121418276914,-1.41563366046244
"610","cv",2,188.735584615585,4.99999825628337,4.24766800792615,-1.47451564873087
"611","cv",3,87.2385564445,1.86300669166848,4.00174176332836,2.14573731285692
"612","cv",4,138.574983719316,1.81800223832146,3.98645972346556,1.64160940627783
"613","cv",5,68.9653414191458,4.99999054836382,4.83671637825303,-0.313591527664548
"614","cv",6,90.9604354859073,1.81090658762805,3.98429541383895,2.05343363950489
"615","cv",7,118.302381405802,4.99971625381816,4.98904418447874,-0.594314082415531
"616","cv",8,103.627058656199,2.88917898697313,2.6467052260865,-0.720227389882878
"617","cv",1,100.6993827561,1.41624393501352,3.91797750447231,1.50430149453876
"618","cv",2,119.250270489165,0.911302315922385,3.91196626806813,1.86356457670682
"619","cv",3,61.3496596750075,1.21158240984796,3.92559024354756,1.90971158182601
"620","cv",4,88.2005574537182,1.12052262681834,3.91218302077575,1.84152340874662
"621","cv",5,120.018831955793,1.35093912487148,3.91587459909171,1.47534506680708
"622","cv",6,60.480052608378,0.989914500200228,3.91196980336326,2.04680142421868
"623","cv",7,103.403262613055,1.13812339729882,3.91213413474687,1.71216804785434
"624","cv",8,53.8077550676706,1.03711623390861,3.91198342501167,2.03938977486227
"625","cv",1,132.111240952879,4.97061010017755,2.16962726826895,-1.90133429668756
"626","cv",2,108.05391526258,4.66357722528716,2.07686259446414,-1.63259620776117
"627","cv",3,140.376944054586,4.66874094745659,-0.519876170485559,-2.02283635758298
"628","cv",4,71.8903275245265,4.82009289829271,2.24114569278692,-1.08864507486481
"629","cv",5,87.8158234281484,4.99999878102153,3.87194551734326,-0.927216563436106
"630","cv",6,91.0132102775714,4.999999963017,3.79852592062682,-1.02943687404846
"631","cv",7,91.062169153116,4.99999970685395,3.93946382564914,-0.940943240646997
"632","cv",8,148.103383226806,4.99999993311689,3.20601836739382,-1.75791212517193
"633","cv",1,65.2042920521225,1.23382439261193,0.434390722477465,-1.53793618339909
"634","cv",2,69.7846078427131,1.32160932310202,0.764390364923227,-1.38828360862631
"635","cv",3,215.974593267282,1.51399768219074,1.27291454133074,-1.66634595108181
"636","cv",4,76.3212594513633,1.36666805250548,1.0685353566921,-1.144100705465
"637","cv",5,65.9587873039578,1.29923144470034,0.490055261207089,-1.59902360280071
"638","cv",6,101.480001976978,1.2815464530326,0.608568986370301,-1.58335504095265
"639","cv",7,55.4126911530338,1.319358518229,0.593240783280296,-1.46346945498675
"640","cv",8,127.190303547286,1.34386840989316,1.18854263455271,-1.16281648888774
"641","cv",1,132.279888172151,3.24246474484882,-0.500199422155962,-2.27643812907017
"642","cv",2,111.729293325716,-4.35174643529615,-4.99999999957005,-1.80926712740256
"643","cv",3,116.786718963087,3.1940616890725,-2.57696361112089,-2.13515729906556
"644","cv",4,92.4957505028201,3.13169207733598,-4.99999689766352,-1.94072782740516
"645","cv",5,85.7172046870539,3.16887782434022,-0.823247069407612,-1.93587731183294
"646","cv",6,85.5609899897837,3.10522787619197,-0.555576427988957,-1.83863207196167
"647","cv",7,91.0332928150442,3.13706421964155,-3.44717883548135,-1.94690375638876
"648","cv",8,111.613602082896,3.18500146660821,-1.10626176158632,-2.0649212957199
"649","cv",1,128.64249146773,4.99999999842947,2.81377690904742,-2.04405142519493
"650","cv",2,91.0848632589072,4.99999999666956,3.57299560573553,-1.61626567880471
"651","cv",3,80.062474487813,4.99999999863742,3.21689163572032,-1.66995864617322
"652","cv",4,103.8396087289,4.9999999902775,3.83681887753187,-1.5449367530064
"653","cv",5,102.393719131223,4.99999999877802,2.97520754306429,-1.91293152076193
"654","cv",6,149.639912817348,4.99999999364898,2.78799424910421,-2.15773198462427
"655","cv",7,73.9164117448308,4.9996669092792,3.14955876191016,-1.62067627152801
"656","cv",8,96.7334085478274,4.99999999379659,3.33343509805321,-1.83814201782572
"657","cv",1,113.498962387055,2.97106849353726,3.9536004446032,-0.526401664259693
"658","cv",2,57.3581552499437,3.0202381832986,3.86476883037396,-0.539261476521934
"659","cv",3,97.9644757176962,2.95117434714148,4.07920500158017,-0.39385999017659
"660","cv",4,169.453036487732,2.85711237867531,4.35772935078185,-0.313489106788453
"661","cv",5,180.7266544946,4.99999988409482,3.7300003989466,-2.11727229942314
"662","cv",6,54.7740234409226,2.97528962902679,3.96859513247173,-0.0737812965939084
"663","cv",7,67.8485330867811,3.09229061507361,3.63781596923448,-0.81767529354052
"664","cv",8,100.138557565734,1.9309026066143,4.99689951298743,1.97977145538616
"665","cv",1,124.778266589803,4.99999992152744,1.09069940044189,-1.45873735254597
"666","cv",2,109.294890257556,-2.33027337584645,-4.99999999997969,-0.808004090815742
"667","cv",3,106.559846903971,-2.62753699750305,-4.99999999786398,-0.652748588424466
"668","cv",4,130.285698600944,4.58043284980579,-4.99999754662943,-1.46645287396758
"669","cv",5,105.199910957976,2.08357396311057,4.99993702452043,3.89760528087825
"670","cv",6,112.096851610078,4.40040657227445,-4.99999843181437,-1.17440758755851
"671","cv",7,140.803447159833,2.27543549248907,4.21744771462207,2.10652430098384
"672","cv",8,107.449376697909,4.99999810800731,-4.99996842747009,-1.06553010878088
"673","cv",1,111.111737530689,4.99999989160869,4.99999818389804,-0.988404037193769
"674","cv",2,101.041450611483,4.9999985742098,4.99999693371987,-1.02208264227349
"675","cv",3,112.690015995028,4.99880556052927,4.98452255670636,-1.0482727477961
"676","cv",4,161.002628162595,2.3998765791429,1.58232944577993,-1.1194738159967
"677","cv",5,97.2542130126393,1.62748053549201,3.93255158698228,1.71196377793716
"678","cv",6,83.5067277109852,1.79268266039604,4.77684932478997,2.17928038601989
"679","cv",7,123.964408962659,4.99999989426452,4.99999691823253,-1.15346536051741
"680","cv",8,53.8433179787848,4.99992493686248,4.99989396281853,-0.494552910062827
"681","cv",1,111.076515151999,-2.01490417555504,-4.99999999913047,-0.980070674147673
"682","cv",2,109.680738041802,-1.95574164388792,-4.99999997280226,-0.924042300579846
"683","cv",3,104.961961035111,2.2603903163954,4.9998598191148,3.46131950196979
"684","cv",4,105.384305648872,-2.18276305831609,-4.99999999998259,-0.682366601256473
"685","cv",5,126.576386895301,2.02453880011853,4.99942332443141,3.02961789905476
"686","cv",6,106.385504558722,-4.65366596151316,-4.99999997826867,-0.752419579140968
"687","cv",7,106.414625124766,2.55730981593743,4.99999906610873,2.94047955219877
"688","cv",8,105.386191814966,-4.09035226692184,-4.9999999999691,-0.690483130340448
"689","cv",1,108.693997446254,0.843117106598759,0.506495992153394,-0.1186024932313
"690","cv",2,101.456050859247,4.99999372617481,4.83140489717849,0.33226251015558
"691","cv",3,142.14146750448,4.42365872870443,-4.99999995533993,-1.44935124131769
"692","cv",4,109.569757077123,0.895568383872427,-0.366817195581664,-0.714818582004593
"693","cv",5,216.901103481183,4.99999496678991,4.77831224126082,-0.692762287306198
"694","cv",6,117.740562831442,4.58973695060685,-4.9999998470773,-1.13467362307303
"695","cv",7,113.650054729151,4.78402171896758,-4.99999822062425,-1.13169126736507
"696","cv",8,95.2973972376536,4.99999200325473,4.99994152955345,0.741368425730589
"697","cv",1,146.788654663291,4.89381113751629,1.45958199364334,-1.86842366691217
"698","cv",2,132.42410980189,1.45462022994088,1.20274933942094,-0.422457741759223
"699","cv",3,117.624940251533,4.65835864459864,-2.48384966210475,-1.68667275811199
"700","cv",4,115.829670274349,4.78850420124566,-4.99999967857017,-1.71580434547232
"701","cv",5,96.3093560701541,0.437918519388883,-0.530580078108467,-1.54280114368642
"702","cv",6,107.394436203036,4.70019427616344,-4.99999998961438,-1.59834170765861
"703","cv",7,129.672662140623,4.95181272891768,-4.99999961563821,-1.87777044568312
"704","cv",8,105.110382706772,0.474840044123561,-0.60018609014277,-1.82717188059067
"705","cv",1,36.6411747249036,2.59141184500595,4.99999456609032,0.955845756972084
"706","cv",2,104.474518079569,2.85127755514053,4.99442446537219,0.301121086865622
"707","cv",3,169.737437549002,2.85870542130021,4.99944094122834,-0.123535941904508
"708","cv",4,103.495152254009,2.73538641618715,4.88376968806831,0.370415371605245
"709","cv",5,43.5386267365485,1.9691349738898,4.24764389297686,1.32451831364263
"710","cv",6,126.852870589133,2.53577831427006,4.99999921726585,0.740455160430212
"711","cv",7,90.7570262692479,2.53616359153865,4.99999883236138,0.792915779569653
"712","cv",8,95.4095810156793,2.4505456388778,4.99999013303577,0.936293601727653
"713","cv",1,111.277844295106,-4.57074166676142,-4.99999999978257,-1.22237553898429
"714","cv",2,107.418033163707,-4.68798853660904,-4.99999999987438,-1.14106771395301
"715","cv",3,148.0780808736,1.77251739503077,0.214508950636753,-1.52550059094362
"716","cv",4,108.039273564775,1.63342617225055,-0.348641697616638,-1.28576461338519
"717","cv",5,97.3486080231125,1.72524692739492,0.403613658126792,-0.93103338404639
"718","cv",6,99.7135234751496,1.76349070241565,0.72431684895444,-0.745417219319059
"719","cv",7,110.680717241978,-3.9771379647227,-4.99999999997817,-1.20974437284879
"720","cv",8,135.228701709369,1.85096581589913,0.723633873275968,-1.26934556285887
"721","cv",1,25.3728362380196,4.99999999441544,3.55955099487719,-2.51316353381144
"722","cv",2,209.05506191828,4.99999999941098,3.38360782015194,-3.25609353206517
"723","cv",3,33.3380964653271,4.99999997794614,3.57577284555305,-2.50812737349227
"724","cv",4,110.279833195357,4.99999999650945,3.52645556505033,-2.70126185442962
"725","cv",5,12.1358463057899,4.99999999899459,3.55746709325268,-2.53801424005731
"726","cv",6,42.9256523406096,4.99999998900089,3.57687258982023,-2.66630211972725
"727","cv",7,43.6240459311907,4.99999998797937,3.49560573045024,-2.48250758589909
"728","cv",8,252.235701470209,4.99999993606063,4.49187490580924,-2.25102785987232
"729","cv",1,152.333975440904,4.99999995599899,3.34597462764695,-1.79064141117488
"730","cv",2,121.254024673897,4.40477428581935,1.51564486208272,-1.79949207789168
"731","cv",3,91.4053927976583,4.99999990094482,3.61147463679821,-1.33215994583082
"732","cv",4,100.023741304633,3.2732951965129,1.82965422516969,-1.30370720466224
"733","cv",5,88.1423900409535,3.69090620411299,2.01201361736905,-1.36685384992265
"734","cv",6,78.0908385129393,4.99999970180112,3.90169691050949,-0.994606165538761
"735","cv",7,100.223882905675,4.99999974454051,4.11670756782322,-1.06685944158072
"736","cv",8,123.427813626221,4.99999996418482,3.2820153123937,-1.64403513940402
"737","cv",1,107.415678793033,3.10179213028501,1.66462750300525,-0.952163452696869
"738","cv",2,98.3072167878889,3.63217689725424,4.99999345183328,1.45813152785325
"739","cv",3,118.43316170096,2.95092068698544,1.64024521994154,-1.06530240379941
"740","cv",4,98.1947914859434,3.58871664653578,4.999998980943,1.49573534994932
"741","cv",5,160.924391291039,2.69283462744116,4.99997282025124,1.53211840329282
"742","cv",6,91.7789359485454,4.99999125204855,4.721271077664,-0.296314768493446
"743","cv",7,99.4655557753139,3.62581246483711,4.99999865050582,1.42590109495745
"744","cv",8,116.512406447915,2.98678533392295,1.74413209410763,-0.950284359382236
"745","cv",1,265.197953851823,-0.756342642574338,2.02715141832648,-4.99982971322523
"746","cv",2,222.327127124052,4.99999993510785,4.9999950038515,-1.15630042525376
"747","cv",3,119.34866141344,4.29706052556828,1.88995790190073,-1.19906807570936
"748","cv",4,104.131735351108,4.99999969803932,4.5359615607696,-0.661497188064282
"749","cv",5,98.738749792831,2.10056768133335,4.10784179007714,2.20740872040112
"750","cv",6,106.905026557592,2.04339510192989,4.07810739495897,2.13291567736964
"751","cv",7,110.065767330949,2.11844420570933,4.11763161737065,1.98533438158348
"752","cv",8,158.203375495846,4.99999999999261,3.79779347246994,-1.41292636268896
"753","cv",1,133.212270166316,3.41149263864074,-4.99999989098179,-1.16556336796382
"754","cv",2,100.990569113578,2.11124210764838,4.99983300269109,2.92609764535279
"755","cv",3,144.500035023893,1.5948300114902,4.53912470983257,2.59630656054814
"756","cv",4,250.142665939726,-0.782277432584783,3.91655654532269,-4.94382391450927
"757","cv",5,105.189535436054,2.9872403480918,-4.99999973814586,-0.564918052006568
"758","cv",6,125.890782180608,3.22523362172552,0.973525566095708,-0.887643062897344
"759","cv",7,86.394115647136,2.09110033364519,4.98249863232563,3.52252506089842
"760","cv",8,161.117798380619,2.11141140477629,4.99998583395516,2.30991641941693
"761","cv",1,129.432530885227,4.64502043538994,-4.99999919598836,-1.63214038898138
"762","cv",2,130.584624381782,4.70587876567865,-4.99999911321191,-1.63689194784019
"763","cv",3,124.72354444573,1.48481248406032,1.64244699058956,-0.0661951048875092
"764","cv",4,112.894249564667,4.56589299720219,-4.99997282758542,-1.42973592182532
"765","cv",5,134.43037462868,1.5797594662018,1.87018203655463,-0.060484436011326
"766","cv",6,105.180428059327,1.63603809646531,4.8280044438193,3.14322565916422
"767","cv",7,114.923763157651,4.62437051565906,-4.99999648807383,-1.46987546748971
"768","cv",8,123.146458979327,1.46791583835959,1.62316584570586,-0.071251327706429
"769","cv",1,121.913610589142,1.26254089295828,-4.99998990822236,-1.12056595324658
"770","cv",2,107.449211569237,1.25200119064069,-4.99969280091457,-0.820393786726395
"771","cv",3,106.064728687332,1.25296497994384,-4.99980116054118,-0.749744931315879
"772","cv",4,122.850470408839,3.67246917317994,-4.99999637053519,-1.19680476019275
"773","cv",5,101.031747752413,1.25579347193196,-4.99813808014145,-0.535965734123374
"774","cv",6,99.1094538746325,1.23686431369586,-4.99977964828565,-0.528481161023299
"775","cv",7,107.877842177274,1.25001371312496,-4.99902225764626,-0.81708745336485
"776","cv",8,109.651328447265,1.25615209298211,-4.99999777251412,-0.901964897676524
"777","cv",1,108.511389120526,2.26146880329196,4.99989307338158,1.33972680270675
"778","cv",2,51.3708604962975,3.58528829096731,4.99999998300661,-0.897637098785369
"779","cv",3,195.723700216349,3.51944797808238,4.35522243522686,-1.77662367061514
"780","cv",4,2.61550314931805,3.46353742094674,4.99214181746223,-0.699815567036774
"781","cv",5,114.714870215427,3.83073596640687,4.99999929482278,-1.3305221407021
"782","cv",6,95.7024258740047,3.4618128724266,4.99999435250622,-0.750548176315042
"783","cv",7,197.713693891434,1.96722536871746,4.56702317461528,0.865309597682303
"784","cv",8,47.7503236829583,3.48851920694207,4.99999366957434,-0.830372411545893
"785","cv",1,104.871817725255,2.64386681730237,3.84462631343292,1.37804809033959
"786","cv",2,113.164849049633,2.56219739948963,3.88161429298179,1.28867003932932
"787","cv",3,101.456815694974,4.99998991659584,4.99999619417645,0.0241166226995252
"788","cv",4,88.1053665488831,4.99999987179066,4.99999758727176,0.474800904207958
"789","cv",5,113.77010966857,2.80182852449033,-4.99999984873301,-0.66597180910917
"790","cv",6,111.696781787872,2.65404539166657,3.66234569252084,1.01162243187356
"791","cv",7,124.738493147843,4.99999747774372,4.99995718093031,-0.334886501615633
"792","cv",8,108.084524118432,2.71278296764949,3.77864504520671,1.14444393151478
"793","cv",1,72.2538431275732,2.32817564254527,0.239902593996501,-1.67151258167988
"794","cv",2,80.9878462971172,2.33571583751099,0.249170715286294,-1.70344129328194
"795","cv",3,90.0936709203177,2.13848237592068,0.084122933459844,-1.7625137884249
"796","cv",4,83.548994051679,-2.66195537956602,-4.99999999991961,-1.73983789794646
"797","cv",5,62.9689166017175,2.55219040465306,1.0871574158836,-1.46287337191008
"798","cv",6,154.905585228709,2.52027988772232,0.832705735520723,-1.94982066821074
"799","cv",7,120.266103946025,2.56631279000731,-0.345663727750611,-1.94604267598099
"800","cv",8,140.947504042651,2.58790054832629,-0.277421900013027,-1.99836390841605
"801","cv",1,100.251868402806,2.53610179897859,4.30146857431436,1.29931820886337
"802","cv",2,82.6270077202664,2.61099955527871,4.3570715082926,1.29770220419902
"803","cv",3,75.0155182432423,2.70716616279799,4.43190061602178,1.32533049057456
"804","cv",4,66.4468249705958,2.68499103857962,2.4536799307026,-0.566074104037977
"805","cv",5,88.2449780953394,2.4299201770001,2.39745328937732,-0.527445755233892
"806","cv",6,207.413420526595,2.63722927643786,2.49800203879261,-1.40901862581554
"807","cv",7,78.6978990129433,2.51310596070606,4.9999302299061,2.0949590937595
"808","cv",8,158.898038277884,2.93094676321049,4.61856889791612,0.757325780794841
"809","cv",1,243.762908052506,-1.02153055480226,-0.960707097014011,-3.36748686280265
"810","cv",2,66.2176680661926,-2.57073852855963,-1.65766497728327,-2.04753570268701
"811","cv",3,146.646033447079,1.53876940511187,-0.116941414588363,-1.88033315250376
"812","cv",4,93.9098809607338,-0.922964407941488,-1.5901881894724,-2.26305324336649
"813","cv",5,141.837141114288,4.99997624610824,4.83940415158676,-0.961093492913291
"814","cv",6,158.089643465731,1.53350666518846,-0.105335022383477,-1.93749646462175
"815","cv",7,77.1949230108001,-3.01766116336358,-1.74872225722351,-2.08936496255106
"816","cv",8,130.681846032663,-0.814050619708816,-1.72521899002345,-2.38777216927305
"817","cv",1,168.10267160716,3.09933098811476,4.47342193876771,-0.381708434049994
"818","cv",2,82.2391495557675,3.06152005006246,4.50645958569851,0.0549130689621749
"819","cv",3,142.016488116177,2.96918963247104,4.99960592937405,0.456556533959041
"820","cv",4,34.1436509694732,2.9725028527193,4.99986169059496,0.784873592353141
"821","cv",5,97.2565063381822,1.72780503044588,3.67416477379824,1.18081726044671
"822","cv",6,57.7721638584249,2.98058380266001,4.99999692976125,0.744403239056722
"823","cv",7,65.0404624156426,3.02891723908246,4.75768659955929,0.37106056578485
"824","cv",8,101.381360782892,3.04948774100168,3.96886114189359,-0.47719524170503
"825","cv",1,96.348610094177,3.15532318669621,0.0725327379175652,-0.800749409179073
"826","cv",2,91.4417066776994,4.99999992449775,-4.99999154341985,-1.0455777465267
"827","cv",3,145.858608557379,4.82566643799751,2.23347363782637,-1.60615014525642
"828","cv",4,149.016131940025,4.99999998980263,3.20639252812581,-1.42972684328062
"829","cv",5,97.441816296142,4.99985177251928,3.57454641505993,-0.664892952208002
"830","cv",6,97.6604202367339,4.56861894067205,-4.99999224079651,-1.14622379656222
"831","cv",7,106.828493068542,4.53455181444981,1.34408318208116,-1.24616728444053
"832","cv",8,105.216369424554,4.6791785206883,-4.99999996119908,-1.3572494209786
"833","cv",1,79.5800508976439,2.62275278193356,4.47949249271887,1.66342170415076
"834","cv",2,85.0875748175856,1.95036867204592,4.04021794203036,2.07388897479534
"835","cv",3,198.732593064984,2.83728632436219,4.67460692538656,0.787174652882438
"836","cv",4,73.7824833701434,1.68087335559804,3.95283296067181,2.37268981113103
"837","cv",5,73.4056904897715,1.60376574788489,3.93838350370866,2.44803945538014
"838","cv",6,79.6638842013409,2.58629055025912,4.99996739758552,2.10779715361604
"839","cv",7,206.404738491234,3.0108252404349,4.97733904120756,0.744843676128622
"840","cv",8,80.5083617536046,2.71527084213572,4.56883309748497,1.57652281216169
"841","cv",1,116.211878890687,-2.42745001422396,-4.99999999906276,-1.78713674919254
"842","cv",2,143.19405536233,4.31683640750097,2.15681132153714,-1.45966523123811
"843","cv",3,250.319419729181,4.99999973749595,4.99999983109043,-0.716381475717463
"844","cv",4,107.188190215911,-2.44047536349041,-4.99999999943239,-1.67267046938238
"845","cv",5,99.0405903724807,4.20929913914114,1.47877707434454,-1.05304454408258
"846","cv",6,111.933214531944,-4.23712905843945,-4.9999999960723,-1.73615139946189
"847","cv",7,106.803396531175,-3.04510759756725,-4.99999999811654,-1.716408617325
"848","cv",8,101.086574596087,-2.16544407272655,-4.99999999990488,-1.64309915324624
"849","cv",1,117.962341402574,1.3223595137917,2.2295197501994,0.69935159111422
"850","cv",2,155.652726714048,0.957950855229626,4.99977435807999,2.68485192545741
"851","cv",3,113.400137102108,4.99999998697949,0.779010752903855,-2.05935022536351
"852","cv",4,81.5670637216786,4.99999536639487,-4.87690713853538,-1.8010715077453
"853","cv",5,108.780432092115,4.99999999262657,-4.99984555007874,-2.08178215513131
"854","cv",6,101.238720288649,4.99999997593386,-0.0320691286887639,-1.99914776619512
"855","cv",7,109.729742089732,4.99998674405913,3.61630246739832,-1.26661733713784
"856","cv",8,107.756348958064,4.99999947133216,-4.99978980991075,-2.14457219604067
"857","cv",1,68.1681039212049,-3.28087401068892,-4.99999999996353,-1.9218278580194
"858","cv",2,133.152963256055,-1.17838528480499,-4.99999999622192,-2.09313461337523
"859","cv",3,50.9646926026912,-2.18023294021176,-4.99999999990063,-1.82843343228303
"860","cv",4,121.550486710769,-2.06009894836608,-4.99999999919999,-2.06477108090897
"861","cv",5,90.4605626896075,-3.91304298547673,-4.99999999434133,-1.97256507677439
"862","cv",6,110.442111894921,-1.3714240680567,-4.99999999951116,-2.05151036258999
"863","cv",7,61.1579221295606,-4.56603634932485,-4.9999999997168,-1.8715582639583
"864","cv",8,64.4591994712345,-3.04609388547633,-4.99999999866346,-1.90639175037177
"865","cv",1,97.9015023990763,1.01637447197044,-0.639521661026627,-1.79789573653611
"866","cv",2,83.7346341791287,0.986311104266224,-0.627880600744171,-1.70032059195511
"867","cv",3,87.4582962692121,0.931272373569196,-0.884887231141822,-1.82429363331928
"868","cv",4,94.8580498845004,1.18306512831575,0.169143602784258,-1.12056505880145
"869","cv",5,94.5505149298773,1.00108616486912,-0.743792480538427,-1.85618611024048
"870","cv",6,221.432169906697,1.30579812663999,0.0570122711852317,-1.81518040080623
"871","cv",7,103.849072373317,1.01126250604117,-0.375668360347052,-1.68573096731015
"872","cv",8,76.030889557617,0.980649407866431,-0.680421946160358,-1.69896540430708
"873","cv",1,276.32534188021,4.99999999937152,3.91084760514314,-3.41697435287914
"874","cv",2,32.4392659125922,4.99999990908499,4.35430032021762,-2.30357854150907
"875","cv",3,100.212640388716,4.99999998692806,4.33765101398954,-3.58069366756419
"876","cv",4,78.8105494200512,4.99999999235918,3.86188685671864,-3.73675609347737
"877","cv",5,99.7551936364419,4.95180377161026,3.57671531991767,-3.46598305547106
"878","cv",6,6.29963849330151,4.99999983509812,3.9129988139194,-3.41650338830852
"879","cv",7,23.8557715352458,4.99999966427026,4.35899230046956,-2.30949540658561
"880","cv",8,61.8187315556894,4.99999988325413,4.46674279016968,-2.2669022063697
"881","cv",1,90.5756488796537,2.1072959269056,3.32132872491376,1.58157180141042
"882","cv",2,96.9348731560931,4.99999867108403,4.43762699691943,-0.831797993436057
"883","cv",3,164.860172814086,1.79711954072308,2.79663173676006,0.569821844859737
"884","cv",4,127.468398079899,4.99999999014815,4.19485824130277,-1.32553997342084
"885","cv",5,84.2015429325545,4.99999993023946,4.34844099489816,-0.546296222806077
"886","cv",6,96.8608303861434,4.99999994569356,3.80677504061939,-1.16399914990226
"887","cv",7,94.4750170768489,4.99999992537985,4.37737450355466,-0.948699640921491
"888","cv",8,137.555270046421,4.99999882532339,4.86237397441,-0.91615795396326
"889","cv",1,114.640928640381,4.41340719905354,-4.99999994212401,-1.58634886192895
"890","cv",2,122.591381887777,0.0591398525245167,-0.641044929011914,-2.37468385581832
"891","cv",3,124.375527320359,4.84469520874545,-4.99999956841736,-1.78297153412748
"892","cv",4,114.705974104191,1.74012352953702,2.44706792273801,0.663981404277425
"893","cv",5,113.897934015054,1.72858540743633,4.44634355856618,2.69951833136768
"894","cv",6,126.634803950935,4.79473571182726,-4.99999997521079,-1.81422788925348
"895","cv",7,100.228504057224,1.93160570728391,4.59638943441665,2.77284671439008
"896","cv",8,125.868051141081,4.82507625726941,-4.99999989507275,-1.78569600162132
"897","cv",1,102.377145197887,1.37606557519581,1.86596352645806,0.238128378029864
"898","cv",2,114.955298092503,1.61380323427219,4.57527774257128,2.41961129696117
"899","cv",3,103.930906786741,1.460513860993,1.71213237942703,0.0685721518878079
"900","cv",4,162.21673370804,1.2391870345131,2.49726080806133,0.596156674646608
"901","cv",5,99.9313306962386,1.7201501836418,4.72970364446261,2.49022558527651
"902","cv",6,103.373104136706,1.66737427746494,1.26053877786594,-0.175720034238388
"903","cv",7,125.400511380804,1.48755113349888,3.65420462180376,1.66786398976623
"904","cv",8,66.7004013330897,1.19046762032898,2.25470008582094,1.10666524779451
"905","cv",1,114.065391220797,-2.2344742582884,-4.99999999909779,-1.62247894836936
"906","cv",2,123.826655718758,-2.21587089772173,-4.99999999980314,-1.68500688837971
"907","cv",3,70.6496222546585,-2.73660417890361,-4.99999999808476,-1.13446395685901
"908","cv",4,118.302811370737,-3.60793955904074,-4.99999999960198,-1.65043135223971
"909","cv",5,83.6378220408338,-3.76922425021882,-4.99999999924888,-1.37962974220929
"910","cv",6,138.63950975817,4.39745275787744,-4.9999999150093,-1.77055419482435
"911","cv",7,84.604559295651,-4.78802342205934,-4.99999999971001,-1.42149349617843
"912","cv",8,88.253244713288,-3.18539048049657,-4.99999999991629,-1.45979420664953
"913","cv",1,175.817366740586,1.67271640871614,-4.99999981050077,-1.30163617141142
"914","cv",2,108.784265234618,1.79447225678664,-4.9999927854538,-0.585455300599058
"915","cv",3,107.827270034332,1.93034115895451,-4.9999965104474,-0.806337888208703
"916","cv",4,104.470179076199,1.9120086233448,-4.99999942078328,-0.731229365918441
"917","cv",5,98.8037815544669,1.05065729703223,4.99999997687584,3.35406386225151
"918","cv",6,92.0759713843953,1.69950213061493,-4.99997633827059,0.206517215029311
"919","cv",7,111.846228649543,2.00423071587061,-4.99999988883633,-1.02818846419124
"920","cv",8,137.410760793543,0.932597491620329,4.99999980970476,2.90379433163845
"921","cv",1,50.6566256396399,3.59423398555027,3.54545214035901,-2.03580761597774
"922","cv",2,37.6200348505791,3.62994398586775,3.47784707928744,-2.0883440113588
"923","cv",3,145.916000327435,3.70491269269468,3.36232751572104,-2.60470222940243
"924","cv",4,76.1731945985507,3.8857440606351,3.63884543804899,-2.37715574800106
"925","cv",5,38.1496006221458,3.67392557257814,3.54773806151898,-2.15533963585046
"926","cv",6,37.9609194703581,3.78613045489111,3.58005501843927,-2.26828942704688
"927","cv",7,51.8585274772564,3.66959562995891,3.46452006383487,-2.17574614854316
"928","cv",8,172.336279550967,3.75842432080894,3.82661190779553,-2.27815198546103
"929","cv",1,125.582618049512,1.66383248941744,4.47180535779386,1.59580611093714
"930","cv",2,78.8684293321391,1.98961082835595,4.99999066020526,1.74928513499938
"931","cv",3,128.017483170353,1.48302135856412,4.03363463690235,1.47483596213762
"932","cv",4,86.9427586440771,4.99999346857509,4.9983569760076,-1.33920756740369
"933","cv",5,94.5909882531753,4.99999997342401,4.87424431800746,-1.46095455491122
"934","cv",6,139.524708162551,1.99764378263699,4.95974869027229,1.43683733534431
"935","cv",7,78.4292843375438,4.99999807182613,4.99994225716927,-1.14545801118391
"936","cv",8,113.76506098167,4.99999999771192,4.1926346993857,-1.81482913504242
"937","cv",1,74.1949759340457,-3.7936960472535,-4.99999999962446,-2.00457419122845
"938","cv",2,114.874102195913,-1.08120346170167,-4.99999984460567,-2.10175296079987
"939","cv",3,126.523881466771,-4.41408010682291,-4.99999999973152,-2.14538338669575
"940","cv",4,127.098316216169,-1.08120781470125,-4.99999992680875,-2.13926416959933
"941","cv",5,39.5292477483412,-2.879431925066,-4.99999999985494,-1.86110200140724
"942","cv",6,36.4553652876659,-1.13598836465528,-4.99999989303358,-1.84982678124381
"943","cv",7,115.856522702436,-1.13600242922114,-4.99999960201992,-2.10082211161739
"944","cv",8,81.9572461604623,-2.20223424489961,-4.99999999998688,-1.97691477207796
"945","cv",1,63.8901796464057,4.99999999515327,2.82675916510611,-2.59601028470586
"946","cv",2,50.6429315189305,4.99999999949663,2.99658698011826,-2.58451012514523
"947","cv",3,54.8552028340529,4.99999999923855,3.09749760803178,-2.4670239552071
"948","cv",4,101.582783969093,4.99999996964857,3.21887569359828,-2.77667209243742
"949","cv",5,61.625619291893,4.9999999955677,2.88456534869069,-2.63407936968687
"950","cv",6,131.306771303001,4.99999999636075,3.23919383035206,-2.8853637758261
"951","cv",7,80.225085394474,4.99999999706544,3.48725744454158,-2.55083921361976
"952","cv",8,93.6977700825449,4.99999997682479,3.39723453172023,-2.58792266939235
"953","cv",1,155.06922755706,4.75768489532079,-4.99999995916277,-2.04373400002708
"954","cv",2,136.971136951772,4.81973693351692,-4.99999718348825,-1.97753635722326
"955","cv",3,68.8765129092674,-2.19834695541806,-4.99999999968587,-1.43146710067563
"956","cv",4,80.9850914868873,-2.87519054467949,-4.99999999982308,-1.54708071787943
"957","cv",5,98.8455626317528,-4.76999431615695,-4.99999999987711,-1.70028454362946
"958","cv",6,149.113230054035,4.77112767250884,-4.99998656709335,-2.05320721835346
"959","cv",7,66.650955080442,4.768675226349,-4.99999477806651,-1.42800877669538
"960","cv",8,116.31842407613,4.74138208318263,-4.99999433634893,-1.84458935972479
"961","cv",1,108.831677276144,2.95248422614017,0.95104525177264,-1.2036620920259
"962","cv",2,103.71463557334,4.03818725311741,1.64544736196945,-1.36980543186862
"963","cv",3,77.2526311678344,4.44439714113559,2.72632422410767,-0.620640367009665
"964","cv",4,112.945680645691,4.99999836682958,4.52912996295343,-0.157498431987662
"965","cv",5,186.621250378983,4.78396515040854,2.95040576810296,-1.72630394997443
"966","cv",6,164.916219516451,4.60132760640174,2.52585388594331,-1.75572292464754
"967","cv",7,120.577937502858,2.86315678937441,1.28181854883777,-1.16322214968785
"968","cv",8,80.1821843188672,4.36693695281447,2.05947286819101,-0.939852845225388
"969","cv",1,119.183324161279,1.69260673943891,3.92963072025016,1.73744869662109
"970","cv",2,96.0801158290629,1.78523844806908,3.9439031341985,1.84862377492869
"971","cv",3,126.614955115723,1.67166536461865,3.63113376512149,1.40787132700807
"972","cv",4,82.4977873798149,2.68154164944797,4.99999746983527,1.77315579674553
"973","cv",5,88.5344478706843,2.66848323057393,4.99999958094696,1.786108535773
"974","cv",6,86.3630945211322,2.66847807189848,4.99999702147659,1.72189213834931
"975","cv",7,106.855033289664,1.23576897551675,1.43672239064417,0.121145159835727
"976","cv",8,111.705371298151,1.74157172833203,3.9365389407699,1.75692035938658
"977","cv",1,90.2622149978858,4.99999951257874,4.09673593142569,-0.484004137962948
"978","cv",2,113.348750843538,4.99999998993431,3.30540047265512,-1.36910653036247
"979","cv",3,119.309150234685,4.99999987623849,3.43318295697307,-1.38039578936251
"980","cv",4,126.434914258427,4.99999990708851,3.7306426642283,-1.3091497678656
"981","cv",5,111.210418537354,-4.392785281116,-4.99999999943479,-1.24743640583189
"982","cv",6,95.9264070279815,4.99999996194938,3.40129157236551,-1.14186237356036
"983","cv",7,90.376705284466,4.99999202043167,3.53374706360715,-0.929669336327467
"984","cv",8,110.198839336116,-3.65132244417403,-4.99999999998617,-1.23320302328913
"985","cv",1,55.7283373440856,4.99999992509624,3.74801975656642,-2.08902810753889
"986","cv",2,176.397137789348,3.61568150001686,3.85423209202616,-2.82528899449624
"987","cv",3,133.030205636612,3.50558221394588,4.06624502857823,-2.08701974442126
"988","cv",4,66.1430581257309,3.57751730624315,3.81360175317898,-2.15600374990215
"989","cv",5,161.212601334593,3.72004959286091,3.78821949553318,-2.917370848306
"990","cv",6,58.412308443784,3.63000063532312,4.00155211205995,-2.15668699535548
"991","cv",7,94.6969032789267,3.60758410365922,3.62620025804941,-2.39267149815118
"992","cv",8,71.0605814949072,4.99999274914591,3.75790573525646,-2.13354964346713
"993","cv",1,104.465718796884,-4.5392508986038,-1.52654885279137,-0.904639677474928
"994","cv",2,114.059807170922,1.03590741262028,-0.00331900535616765,-0.212931457178154
"995","cv",3,120.37021108384,1.75662762159894,4.99999034036887,3.30436541315024
"996","cv",4,113.924603383386,1.75538558819688,4.99999906634545,3.43417623040031
"997","cv",5,121.054641254468,1.82770833834365,4.99991409138592,3.25291203674841
"998","cv",6,104.528513711301,-3.25126489529217,-1.53217995440729,-0.898315453054037
"999","cv",7,167.562455710946,-2.32244661269151,-0.900707072747315,-2.79660134878059
"1000","cv",8,102.949624787116,1.54323007756612,1.46613966262152,1.177675336137
"1001","cv",1,124.764198089209,-0.970986610821898,-4.99999996348163,-1.77703631854513
"1002","cv",2,153.605861077939,3.81877079181176,-4.9999999949489,-2.21168031930392
"1003","cv",3,51.29853547039,3.78423586111038,-4.99999946392321,-1.74874607070672
"1004","cv",4,59.3580864956467,3.9273925089154,-4.99999970796421,-1.71224601037257
"1005","cv",5,77.0543746155656,3.91103846342977,-4.99999999233305,-1.84372028939047
"1006","cv",6,134.778292262029,3.79714582432987,-4.99999999468551,-2.14625762364491
"1007","cv",7,85.439128418757,3.77987914051,-4.99999990619452,-1.92733567311778
"1008","cv",8,155.764341255658,3.86526426331901,-4.99999996403951,-2.24137517933992
"1009","cv",1,103.196935241128,3.32170470248145,3.90396846625391,-2.25242152462535
"1010","cv",2,17.8299027454735,3.35788520687501,3.75661229621232,-2.22053636546395
"1011","cv",3,31.0933683711614,3.20524690315797,3.44875881009792,-2.21275694887586
"1012","cv",4,182.513747860768,3.62747006868652,3.84559721268696,-2.85453580028079
"1013","cv",5,56.541610492227,3.29374895710106,3.69746362405,-2.2102101210734
"1014","cv",6,32.5314028097996,3.45285495013799,3.90432200488069,-2.25497777476453
"1015","cv",7,207.048819382981,3.11391180368595,3.23331029119299,-2.75225192267031
"1016","cv",8,79.6297399571175,3.43770772042166,3.9842533747551,-2.23134163287416
"1017","cv",1,220.820208271774,3.54392560980047,3.94477647317392,-2.08809874916143
"1018","cv",2,119.105125696212,2.23637623962061,4.64265121485087,1.76483477361835
"1019","cv",3,102.059161810027,4.99999999996305,4.29532120444671,-1.27363739471235
"1020","cv",4,79.6885765178565,2.46878044638165,2.84945884707293,-0.122039479359851
"1021","cv",5,97.2013772862714,2.50870448782393,2.82427386842157,-0.335784408735092
"1022","cv",6,97.9979883564734,2.60448623950198,3.22154393058752,-0.30600325110633
"1023","cv",7,139.082329883388,2.69506660247716,4.99997999441523,1.14714048196672
"1024","cv",8,129.793653025958,4.99999999334292,3.9531972604397,-1.6133756106544
"1025","cv",1,107.804126709818,3.50193030089869,0.843464885331964,-2.08015590764749
"1026","cv",2,176.695521200784,3.62987974450201,4.9999979550894,-1.37101684703166
"1027","cv",3,104.658414207609,3.85871388103141,4.99530071952647,-1.19547925616751
"1028","cv",4,110.344727897775,3.81048774420146,4.99999852670966,-1.16641270634534
"1029","cv",5,94.8268550801043,4.99992697091125,4.99942085578767,-1.5537768114724
"1030","cv",6,98.3858660040444,4.99925450708491,4.99974988032067,-1.53676589991419
"1031","cv",7,98.8481267674887,3.01505732067157,4.99977330578379,0.460579483516616
"1032","cv",8,103.577727175201,4.99990058248719,4.99984808865224,-1.51795379128986
"1033","cv",1,95.8952478718297,2.60274660508071,4.39989182767011,1.71057432045641
"1034","cv",2,140.277729779941,4.99991107367356,4.99997982257563,-0.948295602844075
"1035","cv",3,103.641800047734,2.63066169164761,4.42187068002733,1.52964652920132
"1036","cv",4,107.785157349155,2.40427103373919,4.99999927116972,2.11491402103354
"1037","cv",5,95.7833472761656,4.99994767297468,4.97993117405367,-0.275382707749256
"1038","cv",6,115.480852490422,-1.02978917933447,-4.99999992830046,-1.63180000119417
"1039","cv",7,90.4917921006694,4.99991819572484,4.99998674060001,-0.279407275062356
"1040","cv",8,112.018096855343,2.44086184993691,4.99990064731761,2.07546835430815
"1041","cv",1,118.502090505744,4.26475356848871,-4.99996987972048,-0.862937899765667
"1042","cv",2,100.879902572349,1.25419695127816,4.99999687809815,3.83925186264962
"1043","cv",3,106.246917595721,4.3736160192058,-4.99999587787042,-0.338364076894478
"1044","cv",4,157.5272248893,0.391939580172301,0.0828730241796944,-1.0198918706245
"1045","cv",5,111.101379518651,1.14103124352164,4.99999979895694,3.53600569864551
"1046","cv",6,120.012104487115,1.25415346446401,4.9999977194331,3.36292546320956
"1047","cv",7,117.85410543749,4.38930919073528,1.45536635212085,-0.813808916576397
"1048","cv",8,97.4474355400306,0.962630474923582,4.99999915809796,4.38391151479135
"1049","cv",1,81.9700582720564,1.28755713294502,1.30404815556367,-0.340960201751306
"1050","cv",2,78.4581825003985,1.25816821111957,1.0678064015415,-0.58408882962942
"1051","cv",3,127.387147818083,1.33621580174518,0.468091061233894,-1.3628087403338
"1052","cv",4,75.2639764398497,1.28805749696129,1.81625549385458,0.243582729544153
"1053","cv",5,87.1330648277705,1.51951142871105,0.98849333884923,-0.837343298895041
"1054","cv",6,202.005025589104,1.3941824202107,3.36544668787454,1.12796998311688
"1055","cv",7,177.4322124577,1.36075635527283,0.711722843699641,-1.41268944617339
"1056","cv",8,61.796347212677,1.26541278602419,0.94857893218585,-0.543334573416336
"1057","cv",1,56.0324748907009,4.99999999120703,-4.99999923661101,-2.74335446328164
"1058","cv",2,118.718185124121,4.99999999746517,-4.99998841398281,-2.98774605737739
"1059","cv",3,112.797258986408,4.999999989646,-4.99999483262621,-2.97497262997436
"1060","cv",4,57.5486315134167,4.99999998796158,-4.99999940616032,-2.72557941716874
"1061","cv",5,48.8567716734639,4.99999998914277,-4.9999941144675,-2.7018895993708
"1062","cv",6,46.6676661461988,4.99999999843604,-4.99998857800163,-2.68156721804859
"1063","cv",7,98.2707718179732,4.99999999728346,-4.99999640277195,-2.87482283755761
"1064","cv",8,226.054890975261,4.99999998021658,-4.99994796116876,-3.46806882189042
"1065","cv",1,115.114180970919,-3.02403233864822,-4.99999999785901,-1.74098630633586
"1066","cv",2,73.1477471146737,-0.970979257694115,-4.9999990974785,-1.25264768677909
"1067","cv",3,115.345162353131,-0.259402825843223,-4.55581301887285,-1.7669565746748
"1068","cv",4,161.182723777561,-0.0719140728908529,-1.66070652744275,-2.24593030753725
"1069","cv",5,112.034688294238,-0.367016726959311,-4.19410844027846,-1.76828157849701
"1070","cv",6,74.9953854281754,-0.437272280772379,-4.99999999961627,-1.35437435753175
"1071","cv",7,78.7129197350644,-0.209366603409607,-2.91182386948781,-1.56216160219155
"1072","cv",8,128.64316356904,-0.253600470984809,-4.45581302124957,-1.86664156661697
"1073","cv",1,107.028964991658,-3.89722848738348,-4.99999999930217,-1.37318529251538
"1074","cv",2,114.260264977863,0.45393524291235,-4.99968103032738,-1.43883369125202
"1075","cv",3,150.127825760119,4.99999996635443,4.71172707491349,-0.908309385056333
"1076","cv",4,109.437992870127,-3.77066222878764,-4.99999999594768,-1.4400214138282
"1077","cv",5,120.75864146364,4.99999998748457,1.97077572176677,-1.6113785593032
"1078","cv",6,110.734122730182,4.9999839437064,1.02520445472961,-1.53977576204645
"1079","cv",7,119.176997018375,0.276619409084415,-1.0610261694033,-1.49013029254964
"1080","cv",8,110.992269815212,4.99999452562058,1.89806405042545,-1.44490140635811
"1081","cv",1,109.570985634091,-1.91499140306204,-1.40360007093745,-2.24093134010167
"1082","cv",2,123.998896247213,3.05105586769222,4.99973418892636,1.41938018548008
"1083","cv",3,117.182527894937,-3.21262266538808,-1.37443155805013,-2.34224186255386
"1084","cv",4,113.975535244655,-3.97282821832556,-1.39111969777824,-2.28690430969477
"1085","cv",5,117.922471111637,-4.82255751746437,-1.38851990345689,-2.32694970492886
"1086","cv",6,117.637748925293,3.05176692007612,4.99952294581481,1.50657868794616
"1087","cv",7,121.538650664855,3.16545951558974,4.99963062393626,1.31829629781746
"1088","cv",8,106.495967696411,-2.90365223377827,-1.3592052448023,-2.26716424735297
"1089","cv",1,139.835918361071,3.61828041967626,4.45727822013695,-1.89228564791783
"1090","cv",2,179.30962282233,3.710250057873,4.99999999968526,-1.64034560917274
"1091","cv",3,96.0772562299528,3.6506994405241,4.63699427713545,-1.58936141419098
"1092","cv",4,87.9474722654537,4.99994660584105,4.99934024411046,-1.51217071880271
"1093","cv",5,66.7800997300072,4.99999895466003,4.99999317555206,-1.10274473236142
"1094","cv",6,109.355163788405,1.65058912467665,4.99861241096494,2.26304826908989
"1095","cv",7,139.1154480473,4.99997208329071,4.99859064089128,-1.70235656123373
"1096","cv",8,109.183666426349,4.99999984871124,-4.99994826171734,-2.49181032777593
"1097","cv",1,124.725330168603,4.99999999975836,2.9761185265796,-1.2274735836418
"1098","cv",2,130.671009178269,1.92756052386375,0.0199269021368982,-0.576965559836657
"1099","cv",3,120.651995602062,3.1517946221273,2.92681171288725,-0.39960249792141
"1100","cv",4,103.033979415834,2.93578948478795,0.52148612539074,-0.96183809034357
"1101","cv",5,137.418363538912,4.99999987225204,2.03229996272327,-1.51245776980542
"1102","cv",6,100.049141408618,2.8925994894874,-0.179752133465634,-0.945826226177489
"1103","cv",7,108.619814244493,2.93630991249748,0.760482239637338,-1.05615196402904
"1104","cv",8,112.151198299631,2.95712607700814,0.499391251441513,-1.16754017501925
"1105","cv",1,116.414033445148,2.03037202982783,0.990543757519952,-0.739795299788733
"1106","cv",2,101.473493284126,4.99999770069608,4.98472699224992,0.213238334390032
"1107","cv",3,103.355292942199,1.88226178374361,1.63386770155916,0.052824482054423
"1108","cv",4,126.18877251167,1.03886212900545,0.0542996244290127,-1.07799302852986
"1109","cv",5,126.368052809603,2.14759001583091,4.99998474490203,2.61832505519172
"1110","cv",6,91.6981669315667,4.99926995895567,4.99921397115131,0.35510558937014
"1111","cv",7,139.666006888032,1.17301756297341,-0.0788646919317632,-1.32579680956763
"1112","cv",8,97.9516284677957,1.17307152274487,0.159867347761123,-0.677048725005219
"1113","cv",1,101.339221388782,1.22696839927286,1.61375771206503,-0.160607881372987
"1114","cv",2,113.796867285959,1.24146011906669,1.96115161030466,-0.0136209956157129
"1115","cv",3,152.816352191167,3.79861986538566,4.54698564700206,-2.06619913207277
"1116","cv",4,109.952882123629,1.23311160867256,1.99118221023628,0.0536853504432722
"1117","cv",5,122.891331816435,3.56829056187994,-4.99999993591035,-2.1169118839061
"1118","cv",6,133.367839641965,4.99999998790628,1.13258792276145,-2.28534382467762
"1119","cv",7,136.362230409789,4.99998557980277,4.37098972505579,-2.00958652776559
"1120","cv",8,98.3251833493946,1.21426891380211,1.21002327633953,-0.413107709037281
"1121","cv",1,105.212600173395,-2.62438731818296,-0.752956600358239,-4.31602535413677
"1122","cv",2,116.128802157257,4.33426770506523,-4.999963939028,-1.34645812205812
"1123","cv",3,119.931369769855,4.21515148311229,1.44971796013844,-1.29265478992664
"1124","cv",4,272.863807184785,1.08053766041807,4.99194496780177,-4.43931756726596
"1125","cv",5,101.543458074991,-2.93929698047374,-0.742802782678777,-4.38308832731579
"1126","cv",6,129.878279997285,4.36466188582146,-4.9999999817203,-1.47076495590973
"1127","cv",7,101.040029817348,-3.66559217067844,-0.7417188108063,-4.40192291345039
"1128","cv",8,139.447725891381,4.14205130888526,1.60779231316767,-1.43422819832137
"1129","cv",1,114.107868330802,3.16057995149215,0.555261220535664,-1.48736182171565
"1130","cv",2,103.880389262944,1.22503311082167,-0.446428582206608,-0.260060312084225
"1131","cv",3,108.395534106744,3.21668272754039,-4.999999422169,-1.55977249336636
"1132","cv",4,108.026683323027,1.21976287331074,0.166921937222964,-0.18802716876126
"1133","cv",5,101.467114292008,1.20469219198753,-0.321403576338781,-0.177470838935097
"1134","cv",6,131.346215108714,3.21416461894185,-4.99999827850239,-2.01069415260566
"1135","cv",7,104.818255293149,1.21462117033489,-0.571744460556707,-0.299819223642309
"1136","cv",8,155.910473200438,3.35043253131943,-4.99999983503749,-2.04672147954923
"1137","cv",1,110.398109192226,1.30636398421153,0.5554811863372,-0.876036135540947
"1138","cv",2,111.387477533982,-3.61637193881667,-4.99999999932437,-1.17877726473206
"1139","cv",3,119.311959641118,1.30999136012783,0.74200265937541,-0.783533822808081
"1140","cv",4,119.232698847903,2.62117881352734,2.1086316237867,-0.582155955965151
"1141","cv",5,125.71957889684,1.64759342950653,0.818425999792806,-0.93185331512989
"1142","cv",6,107.748343673697,-4.91114283202972,-4.99999999570209,-1.08956838839825
"1143","cv",7,112.505742161415,1.45829185285543,2.67006205949936,1.19404073483153
"1144","cv",8,267.75932889297,1.62928406453257,2.15979902919384,-0.406887817498631
"1145","cv",1,136.014265197265,1.65598436711114,4.92444907455159,2.22342447719522
"1146","cv",2,107.338344961314,2.55954939845375,3.76230786422054,0.179441533071079
"1147","cv",3,194.406353475101,1.40835361585336,3.92227231144507,1.66365819182253
"1148","cv",4,108.908955749864,1.70937274023737,4.99989614252214,2.28727745453784
"1149","cv",5,80.3706532977606,1.69275746607002,4.73642417124439,2.3434946727098
"1150","cv",6,63.9475454310953,1.84649012319331,4.99747737902803,2.43619110183475
"1151","cv",7,65.9027176705494,1.68778902517205,4.98825737842057,2.5299196963915
"1152","cv",8,72.6583261949416,1.84304239887058,4.99977656123692,2.36472717850271
"1153","cv",1,119.278464936177,4.99999999511187,-4.99999555394033,-1.91813818604365
"1154","cv",2,73.8428816048728,4.99999998787955,4.22564217622134,-1.14051302294593
"1155","cv",3,80.0397253084077,4.99999999892123,4.14577276785151,-1.21395215546518
"1156","cv",4,135.176056688872,4.99999998404268,2.09070845184061,-1.84839870941313
"1157","cv",5,82.1578011527552,4.99999999356919,4.1485223911458,-1.21767795305099
"1158","cv",6,81.4900024496109,4.99999998069336,4.23761020745112,-1.16651110864879
"1159","cv",7,155.533179483301,4.99999999555031,3.47975806953709,-1.8175926408923
"1160","cv",8,118.50752626722,4.27878173372999,1.65108039740412,-1.79592848298949
"1161","cv",1,163.185464402711,1.2434962043697,0.126520995646201,-2.46764259100078
"1162","cv",2,48.4584805542268,0.949928101454736,-0.356063641173187,-2.75589237560186
"1163","cv",3,82.5217673270777,1.08127050491705,-0.141228891070181,-2.58255092351544
"1164","cv",4,270.594280582066,4.99763230558012,3.16991960514547,-2.80622773423669
"1165","cv",5,43.3453593408944,1.00750842346433,-0.374877579672897,-2.67346799744571
"1166","cv",6,50.8841414903672,0.98003299301927,-0.282612910270209,-2.64676648070506
"1167","cv",7,94.6836114534628,0.711030177035529,-0.541330370070378,-3.12711056848868
"1168","cv",8,93.2348655788126,0.884710601188262,-0.454201955534694,-2.95850856075705
"1169","cv",1,119.55016937187,-2.18504723620746,-4.9999999998611,-1.8533325857562
"1170","cv",2,113.662596158344,-1.22319936384886,-4.99999999981436,-1.78718233759462
"1171","cv",3,113.163310440086,2.43993481812627,2.57025931473217,0.161684005195548
"1172","cv",4,104.893740544492,-3.63007839209024,-4.99999999982146,-1.67192781555514
"1173","cv",5,106.388520931985,-1.12913344570219,-4.99999998685398,-1.7489379813021
"1174","cv",6,123.931504781994,2.26572167422901,2.34892418996115,-0.0326234814034521
"1175","cv",7,95.7495637990992,-3.97698616004252,-4.99999999373889,-1.64601737357908
"1176","cv",8,109.75317369997,-4.17305559819381,-4.9999999997065,-1.72923471376904
"1177","cv",1,121.532080360046,4.99999929430738,3.2554349361921,-1.53905955488048
"1178","cv",2,110.231422744553,0.827005686145645,-0.520770072095667,-2.09397424710085
"1179","cv",3,76.2385047690642,0.760809895358955,-0.462597506550328,-1.86067645694545
"1180","cv",4,143.280158598409,0.810365694470522,-0.0721538448594072,-2.08785010467418
"1181","cv",5,143.685761035455,4.99882156359548,4.0660073966401,-1.18722624078867
"1182","cv",6,118.643003778426,0.765808392746963,-0.444499910495986,-2.28079068901513
"1183","cv",7,90.6161616157704,0.948189263215073,-0.121711607061703,-1.6328743840566
"1184","cv",8,140.101430096307,2.78983511905091,0.551452027915933,-1.93060732385526
"1185","cv",1,77.1572573723586,1.37049223808944,4.99962410277162,2.54445889297579
"1186","cv",2,224.856361154473,4.9999991034268,4.87257787648279,-1.45425670879242
"1187","cv",3,71.4410958892173,1.56644726826767,3.95538607826387,1.70136334836625
"1188","cv",4,82.876554360318,1.74750513756713,4.42375325693937,1.80272588735048
"1189","cv",5,60.6169398213802,1.88858076137983,4.6720902032426,1.91820194305702
"1190","cv",6,112.500300478939,1.85236738124895,4.03916117427549,1.03550725658656
"1191","cv",7,97.98282910692,1.38566947847943,3.92344567132221,1.74008060689042
"1192","cv",8,105.921210585951,1.37037730437481,3.9222187557859,1.80379188577203
"1193","cv",1,141.736165982602,1.37696309220458,3.94862618953552,1.70382978998913
"1194","cv",2,139.548445140937,1.80270023431426,4.77049006196148,1.79118053765006
"1195","cv",3,53.1364156496354,1.40143637091433,3.91332810966366,1.97394896035634
"1196","cv",4,106.849179480437,2.04741064401832,4.89649099516406,1.63100490287562
"1197","cv",5,106.206260034108,1.6178586921368,3.96635262258406,1.53002526359653
"1198","cv",6,51.5105831443723,1.95886524815643,4.81551175059087,1.96765903392277
"1199","cv",7,57.6271388196667,1.57637736866256,3.91970724494043,1.73691677070923
"1200","cv",8,77.9259545366373,1.44766197322078,3.93271832863085,1.83401385961489
"1201","cv",1,84.4109049360528,1.84467537653733,-0.0356464548071048,-2.28966638667962
"1202","cv",2,87.031326258345,1.84183188936406,-0.0646528216028444,-2.27650167236091
"1203","cv",3,264.797659317394,3.46944241856376,1.54437704252505,-4.86898042248641
"1204","cv",4,61.4102670160768,1.76064894772847,-0.451701988664987,-2.24195743208585
"1205","cv",5,121.507414557974,3.11481008797676,2.56514176098607,-1.97730432582016
"1206","cv",6,80.0903485330045,1.90959637686906,0.251347365011179,-2.27078056533071
"1207","cv",7,43.5888371402084,1.8752078460238,0.126524128865585,-2.1750722360218
"1208","cv",8,280.469094242645,3.81502298578762,0.531909269534922,-4.63062033784165
"1209","cv",1,117.215097166221,4.99999714093339,0.764917062532735,-2.10236582049601
"1210","cv",2,102.346525902956,4.99999920270603,-4.99996947693204,-2.03364745867012
"1211","cv",3,119.955686266706,4.9999949333072,-4.99946438371794,-2.17684191649676
"1212","cv",4,154.169534927168,4.99999999792769,0.363123636202431,-2.40730690994314
"1213","cv",5,74.3807016734287,4.9999975473044,-4.96823098271906,-1.56805110999024
"1214","cv",6,90.9876332704615,4.99999998881961,-1.20216021718928,-1.90486048604056
"1215","cv",7,91.4130580063729,4.9999998483349,0.14012662944753,-1.95541168615596
"1216","cv",8,81.8875472323287,4.99999954773511,1.43638062464394,-1.70533476294066
"1217","cv",1,97.5207811589995,1.65863884170115,4.9553445381714,3.36914042005038
"1218","cv",2,95.4994676776116,1.65776606930752,4.99985384344092,3.47539786572812
"1219","cv",3,108.625416582995,1.61402262043447,4.93073268995944,3.11957511095419
"1220","cv",4,93.0665047424048,1.56027476448731,4.99937361620122,3.59767187635454
"1221","cv",5,104.697455751209,1.71130209145746,2.28991091261774,1.18126688284191
"1222","cv",6,141.472992555608,1.53696846585912,4.77966675982684,2.76807422008036
"1223","cv",7,95.0226974816979,1.34246084742746,3.91715515603719,3.10470422652789
"1224","cv",8,137.835434479079,1.6074387458046,4.91984218610843,2.79238371552392
"1225","cv",1,96.4344564669149,1.17325143830642,0.6017954106775,-0.652666125057298
"1226","cv",2,135.81347942137,1.24377625248044,0.940409554808403,-0.733535114125008
"1227","cv",3,119.513674376471,1.23367935289085,0.651366108233951,-0.746510071441195
"1228","cv",4,135.360371039402,1.21447515370783,1.30694295912586,-0.414314376554857
"1229","cv",5,89.5392141499849,1.23425249761019,0.0489658584067915,-0.752816280191358
"1230","cv",6,71.7109736349478,1.29488470594655,-4.99999979012022,-1.01090112867933
"1231","cv",7,88.4273681731109,1.30434050788558,1.00086128132059,-0.432564197751312
"1232","cv",8,93.088671308323,1.25798127902318,-1.21201794785059,-0.91380172234881
"1233","cv",1,119.289331690687,3.03138053093412,-0.669757923167857,-1.97314726697354
"1234","cv",2,149.384751075586,3.06198426418065,-0.544131583253944,-2.09801126873569
"1235","cv",3,107.730356144845,2.61232450892955,-4.99999870856337,-1.88019687069555
"1236","cv",4,57.5531618638781,2.99015246442719,-0.450246092890914,-1.59849886411774
"1237","cv",5,112.256240864952,3.72469334182456,-4.99994333001665,-1.90227488324165
"1238","cv",6,123.632360660819,2.30671658238678,-4.99999973907979,-1.918387396768
"1239","cv",7,273.067554874286,-2.20696147314377,-0.782630714560078,-4.17178630615583
"1240","cv",8,73.14715429316,2.99628140209855,-0.450289648486481,-1.72900574974609
"1241","cv",1,212.863652828818,1.26182448543037,2.65749804913654,0.384252239559287
"1242","cv",2,96.128241307554,1.62524234339624,4.43737828450886,2.02592808880541
"1243","cv",3,113.426539792514,1.67469047661747,4.99999965105359,2.17223163822517
"1244","cv",4,61.0530036862857,1.69106328134135,4.93643909433333,2.43217232826954
"1245","cv",5,86.1389401289216,1.68576764098,4.99999745605968,2.29630450856627
"1246","cv",6,51.9057306524627,1.64425886718004,4.99999818427046,2.48637163426951
"1247","cv",7,82.7177697874947,1.73126456967217,4.999461461643,2.27775906883314
"1248","cv",8,93.2553813695798,1.36805404069635,2.08789771517051,0.238095938091367
"1249","cv",1,175.275059435907,4.99999994751379,2.41114968749364,-2.56055856280387
"1250","cv",2,141.313345345455,4.99999997310608,2.50231879207714,-2.42562113784617
"1251","cv",3,61.2435329626579,4.99999998133918,2.59103431927494,-2.11400308586992
"1252","cv",4,101.133019459289,4.99999999113656,2.34715854974017,-2.39093891888584
"1253","cv",5,51.6609995474465,4.99999999190358,2.70849748261247,-2.07283098138358
"1254","cv",6,134.041214181704,4.99999994568126,3.59545629872233,-1.97550701682137
"1255","cv",7,99.5060214462459,4.99999977151892,0.703614738899837,-2.2454350284995
"1256","cv",8,49.8996389706259,4.9999999814142,2.63073114051725,-2.05369197813677
"1257","cv",1,97.3601673394083,2.3884866030009,4.89534551415191,3.27900102853253
"1258","cv",2,100.246551458126,1.44007238275387,2.70781604557885,1.88865695790842
"1259","cv",3,126.209665874841,1.61676540339649,3.92176928109484,2.25728637093987
"1260","cv",4,106.869665158001,2.01912242787493,-4.99997891550247,0.0122511768017794
"1261","cv",5,105.341739407569,1.78685205594101,-4.99999842265984,0.234223671916178
"1262","cv",6,104.480015767567,1.49814390743987,4.94675757633269,3.65019396518753
"1263","cv",7,116.867513138278,1.6280234201658,3.92269904915828,2.35033751738856
"1264","cv",8,148.542962618998,1.6355435599548,3.92335814592025,2.00046440170046
"1265","cv",1,107.55175329677,-2.0928764274421,-1.02719216212097,-3.01391666069361
"1266","cv",2,75.6318095267287,-2.39765676252116,-1.22994904692711,-2.56419447188597
"1267","cv",3,151.993255963619,4.06683956673906,-4.9999954114696,-2.0942849702367
"1268","cv",4,64.1652943785655,-2.94166590788981,-1.32003877574427,-2.39500882723605
"1269","cv",5,142.162849194143,4.02241130619249,-4.99726572790546,-2.06003826704856
"1270","cv",6,56.4809309171315,-2.31861614369253,-1.41448749512761,-2.21257836757994
"1271","cv",7,113.109076341063,-4.23393041927564,-1.38680289755321,-2.5459905708307
"1272","cv",8,107.81591736767,-4.52456660983855,-1.39563552959058,-2.49621029789858
"1273","cv",1,123.502649934872,1.00875534525058,4.82634946911562,2.7861198606676
"1274","cv",2,111.571217397187,1.83795440862758,0.14745451285975,-0.865525225686818
"1275","cv",3,93.5144207749025,1.18393689031161,4.99998459902144,3.10186375887278
"1276","cv",4,101.772997018329,1.6032390920819,4.9997335357993,2.5443811972668
"1277","cv",5,152.860382666793,1.02522239420097,4.68044155604308,2.56860124167124
"1278","cv",6,114.82608225191,1.83869443051913,0.527413215469222,-0.816044594533013
"1279","cv",7,114.848019228275,1.86309690567547,0.236933942245646,-0.928368019932412
"1280","cv",8,109.20261181784,4.99980088384762,4.99938536228664,-0.51069800625455
